imod	voucher	or	lowor	upor	pr_seed	mi_seed	log_or	log_lowor	log_upor
A0R0S40	RA_GRP_EXP	2.4117949468	1.1018351973	5.2791514374	123	524230	0.8803712615	0.0969771508	1.6637653722
A0R0S40	RA_GRP_EXP	2.4589575601	1.1224338962	5.3869295135	123	524231	0.8997375041	0.1154994491	1.6839755591
A0R0S40	RA_GRP_EXP	2.5060957308	1.1624644659	5.4027593925	123	524232	0.9187260564	0.1505422911	1.6869098217
A0R0S40	RA_GRP_EXP	1.9831379326	0.9169666149	4.2889631919	123	524233	0.6846804047	-0.086684214	1.4560450235
A0R0S40	RA_GRP_EXP	2.3388376178	1.0040196563	5.4482612647	123	524234	0.8496540614	0.0040115991	1.6952965238
A0R0S40	RA_GRP_EXP	2.3484533073	1.0714395921	5.1474977939	123	524235	0.8537569444	0.0690031574	1.6385107313
A0R0S40	RA_GRP_EXP	2.2600255422	1.063833378	4.8012363185	123	524236	0.8153761151	0.061878779	1.5688734511
A0R0S40	RA_GRP_EXP	2.4593327003	1.079476547	5.6030094843	123	524237	0.8998900531	0.0764762449	1.7233038613
A0R0S40	RA_GRP_EXP	2.5313861679	1.1636761951	5.5066142609	123	524238	0.9287670452	0.1515841277	1.7059499626
A0R0S40	RA_GRP_EXP	2.1867024049	1.0253411883	4.6634890533	123	524239	0.7823946579	0.0250254238	1.5397638919
A0R0S40	RA_GRP_EXP	2.6194444262	1.2358164628	5.5521910483	1234	524230	0.9629622442	0.2117318551	1.7141926333
A0R0S40	RA_GRP_EXP	2.6697865455	1.2256277255	5.8155996721	1234	524231	0.9819985237	0.2034531417	1.7605439057
A0R0S40	RA_GRP_EXP	2.6976882	1.276660925	5.7004342201	1234	524232	0.992395184	0.2442480171	1.7405423509
A0R0S40	RA_GRP_EXP	2.1230304158	1.0031008459	4.493325038	1234	524233	0.7528445094	0.0030960481	1.5025929707
A0R0S40	RA_GRP_EXP	2.5318439963	1.1061077958	5.7953067918	1234	524234	0.9289478896	0.1008473629	1.7570484162
A0R0S40	RA_GRP_EXP	2.5984468478	1.2143770601	5.5599914087	1234	524235	0.9549139003	0.1942312376	1.7155965631
A0R0S40	RA_GRP_EXP	2.5052186645	1.1934131313	5.2589672362	1234	524236	0.9183760219	0.1768173793	1.6599346645
A0R0S40	RA_GRP_EXP	2.6578447838	1.2037130632	5.8686236036	1234	524237	0.9775155627	0.1854109989	1.7696201265
A0R0S40	RA_GRP_EXP	2.7828275949	1.3042211134	5.937742721	1234	524238	1.0234675312	0.2656060146	1.7813290479
A0R0S40	RA_GRP_EXP	2.3670706437	1.1108686964	5.0438215158	1234	524239	0.8616531753	0.1051423186	1.618164032
A0R0S40	RA_GRP_EXP	3.2629104615	1.5993830245	6.6566823058	12345	524230	1.1826195767	0.4696179452	1.8956212081
A0R0S40	RA_GRP_EXP	3.3302797709	1.6002238977	6.9307572325	12345	524231	1.2030563157	0.4701435555	1.935969076
A0R0S40	RA_GRP_EXP	3.3855841296	1.6544100734	6.9282580434	12345	524232	1.2195264556	0.5034444942	1.935608417
A0R0S40	RA_GRP_EXP	2.6244943787	1.2668385766	5.4371337207	12345	524233	0.9648882598	0.2365244872	1.6932520324
A0R0S40	RA_GRP_EXP	3.2215572148	1.4763625567	7.0297304965	12345	524234	1.1698648497	0.3895813306	1.9501483689
A0R0S40	RA_GRP_EXP	2.4355652457	1.1091628222	5.3481580404	12345	524235	0.8901788633	0.1036055166	1.6767522101
A0R0S40	RA_GRP_EXP	2.2372267218	1.0478168603	4.776773112	12345	524236	0.8052370282	0.046708819	1.5637652374
A0R0S40	RA_GRP_EXP	2.5522246449	1.1240469105	5.794998925	12345	524237	0.9369653886	0.1169354859	1.7569952913
A0R0S40	RA_GRP_EXP	2.5412269179	1.1671949953	5.5327809616	12345	524238	0.932647003	0.1546034304	1.7106905755
A0R0S40	RA_GRP_EXP	2.1509183261	0.9925910335	4.6609827104	12345	524239	0.7658948794	-0.007436549	1.539226308
A0R0S40	RA_GRP_EXP	3.1563448585	1.5480075492	6.4357004402	123456	524230	1.1494146678	0.4369686519	1.8618606836
A0R0S40	RA_GRP_EXP	3.2755168859	1.5975091514	6.7160872664	123456	524231	1.1864756844	0.4684456359	1.9045057329
A0R0S40	RA_GRP_EXP	3.4934251574	1.6979905631	7.1873304808	123456	524232	1.2508826754	0.5294455302	1.9723198206
A0R0S40	RA_GRP_EXP	2.7775457657	1.2956789249	5.9542224021	123456	524233	1.0215677197	0.2590348241	1.7841006153
A0R0S40	RA_GRP_EXP	3.0957811706	1.4767347581	6.4899001016	123456	524234	1.1300402719	0.3898334059	1.8702471379
A0R0S40	RA_GRP_EXP	2.4400811523	1.1525088113	5.1661175787	123456	524235	0.8920312979	0.1419411412	1.6421214545
A0R0S40	RA_GRP_EXP	2.3511977198	1.0850249758	5.0949340716	123456	524236	0.8549248663	0.0816030059	1.6282467268
A0R0S40	RA_GRP_EXP	2.6189982441	1.1820127953	5.8029420913	123456	524237	0.9627918951	0.1672187441	1.7583650461
A0R0S40	RA_GRP_EXP	2.5236528107	1.161177665	5.4847967723	123456	524238	0.92570738	0.1494347186	1.7019800415
A0R0S40	RA_GRP_EXP	2.1682018272	0.9729072643	4.8320115761	123456	524239	0.773898173	-0.02746651	1.5752628564
A0R0S40	RA_GRP_EXP	3.0622955562	1.4766077811	6.3508090597	1234567	524230	1.1191648165	0.3897474172	1.8485822158
A0R0S40	RA_GRP_EXP	3.1538534448	1.5046635932	6.6106414725	1234567	524231	1.148625021	0.4085693471	1.8886806949
A0R0S40	RA_GRP_EXP	3.203901436	1.5749146956	6.5178034345	1234567	524232	1.1643692659	0.4542011093	1.8745374226
A0R0S40	RA_GRP_EXP	2.3973898511	1.1481179597	5.0059996446	1234567	524233	0.8743805835	0.138124045	1.610637122
A0R0S40	RA_GRP_EXP	3.0053238157	1.4004540413	6.4493164153	1234567	524234	1.1003853211	0.3367964992	1.8639741431
A0R0S40	RA_GRP_EXP	2.1754669755	0.9915174748	4.773144883	1234567	524235	0.7772433429	-0.008518707	1.5630053923
A0R0S40	RA_GRP_EXP	1.9720798126	0.9098913467	4.2742452728	1234567	524236	0.6790887283	-0.094430086	1.4526075424
A0R0S40	RA_GRP_EXP	2.3364502416	0.9891273225	5.5190061048	1234567	524237	0.8486327868	-0.010932217	1.7081977906
A0R0S40	RA_GRP_EXP	2.3523099497	1.0366204985	5.3378860514	1234567	524238	0.8553978027	0.0359659013	1.6748297041
A0R0S40	RA_GRP_EXP	1.9557618483	0.9034397598	4.2338234128	1234567	524239	0.6707798097	-0.101545845	1.4431054649
A0R0S99	RA_GRP_EXP	2.3961698449	1.100705807	5.2163165572	123	524230	0.8738715646	0.0959516168	1.6517915124
A0R0S99	RA_GRP_EXP	2.4036009069	1.1025592529	5.2398973612	123	524231	0.8769679908	0.097634071	1.6563019106
A0R0S99	RA_GRP_EXP	2.5022283094	1.1656963207	5.3711643429	123	524232	0.9171816586	0.1533186086	1.6810447087
A0R0S99	RA_GRP_EXP	1.9779926175	0.917292479	4.2652206186	123	524233	0.6820825009	-0.086328906	1.4504939073
A0R0S99	RA_GRP_EXP	2.3396126968	1.0084858194	5.4277288445	123	524234	0.8499854015	0.0084500172	1.6915207858
A0R0S99	RA_GRP_EXP	2.3364140148	1.062819718	5.1361772422	123	524235	0.8486172816	0.0609254877	1.6363090756
A0R0S99	RA_GRP_EXP	2.2347450018	1.0468368849	4.7706431587	123	524236	0.8041271284	0.0457731269	1.5624811299
A0R0S99	RA_GRP_EXP	2.4174413555	1.0595403206	5.5156208721	123	524237	0.8827096897	0.0578351543	1.7075842252
A0R0S99	RA_GRP_EXP	2.5240543613	1.1623790017	5.4808719097	123	524238	0.9258664822	0.1504687685	1.7012641959
A0R0S99	RA_GRP_EXP	2.1816265767	1.0188124061	4.6716102902	123	524239	0.7800707347	0.0186376412	1.5415038281
A0R0S99	RA_GRP_EXP	2.6157775721	1.2343972419	5.5430230033	1234	524230	0.961561404	0.2105827877	1.7125400204
A0R0S99	RA_GRP_EXP	2.6358000456	1.2163738705	5.7116007248	1234	524231	0.9691867585	0.1958741956	1.7424993215
A0R0S99	RA_GRP_EXP	2.7073464154	1.2713355851	5.7653735955	1234	524232	0.9959689727	0.2400679897	1.7518699557
A0R0S99	RA_GRP_EXP	2.0983487908	0.990600248	4.4448481179	1234	524233	0.7411507453	-0.009444209	1.4917456992
A0R0S99	RA_GRP_EXP	2.5236672134	1.0972346391	5.8044979414	1234	524234	0.9257130871	0.09279305	1.7586331241
A0R0S99	RA_GRP_EXP	2.5539635948	1.1994625473	5.438043946	1234	524235	0.9376465033	0.1818735792	1.6934194275
A0R0S99	RA_GRP_EXP	2.4596753464	1.1716640664	5.1635984948	1234	524236	0.9000293682	0.1584250173	1.6416337192
A0R0S99	RA_GRP_EXP	2.6217441523	1.1857812904	5.7966359022	1234	524237	0.9638398033	0.1704018741	1.7572777324
A0R0S99	RA_GRP_EXP	2.7304278303	1.2737744565	5.8528698689	1234	524238	1.0044583113	0.2419845058	1.7669321168
A0R0S99	RA_GRP_EXP	2.3418823781	1.1194510846	4.8991984985	1234	524239	0.8509550411	0.1128384622	1.58907162
A0R0S99	RA_GRP_EXP	3.2629104615	1.5993830245	6.6566823058	12345	524230	1.1826195767	0.4696179452	1.8956212081
A0R0S99	RA_GRP_EXP	3.3302797709	1.6002238977	6.9307572325	12345	524231	1.2030563157	0.4701435555	1.935969076
A0R0S99	RA_GRP_EXP	3.3855841296	1.6544100734	6.9282580434	12345	524232	1.2195264556	0.5034444942	1.935608417
A0R0S99	RA_GRP_EXP	2.6244943787	1.2668385766	5.4371337207	12345	524233	0.9648882598	0.2365244872	1.6932520324
A0R0S99	RA_GRP_EXP	3.2215572148	1.4763625567	7.0297304965	12345	524234	1.1698648497	0.3895813306	1.9501483689
A0R0S99	RA_GRP_EXP	2.4355652457	1.1091628222	5.3481580404	12345	524235	0.8901788633	0.1036055166	1.6767522101
A0R0S99	RA_GRP_EXP	2.2372267218	1.0478168603	4.776773112	12345	524236	0.8052370282	0.046708819	1.5637652374
A0R0S99	RA_GRP_EXP	2.5522246449	1.1240469105	5.794998925	12345	524237	0.9369653886	0.1169354859	1.7569952913
A0R0S99	RA_GRP_EXP	2.5412269179	1.1671949953	5.5327809616	12345	524238	0.932647003	0.1546034304	1.7106905755
A0R0S99	RA_GRP_EXP	2.1509183261	0.9925910335	4.6609827104	12345	524239	0.7658948794	-0.007436549	1.539226308
A0R0S99	RA_GRP_EXP	3.1311697363	1.5268989375	6.4210038243	123456	524230	1.1414066524	0.4232388404	1.8595744644
A0R0S99	RA_GRP_EXP	3.1561400512	1.5225908691	6.5422827796	123456	524231	1.1493497782	0.4204134029	1.8782861534
A0R0S99	RA_GRP_EXP	3.4259192101	1.6469898417	7.1262870828	123456	524232	1.2313698182	0.4989492834	1.963790353
A0R0S99	RA_GRP_EXP	2.692118947	1.2464005043	5.8147476672	123456	524233	0.9903285962	0.2202598008	1.7603973916
A0R0S99	RA_GRP_EXP	3.0332049375	1.4417564666	6.3813358263	123456	524234	1.1096197957	0.3658621387	1.8533774526
A0R0S99	RA_GRP_EXP	2.4372646636	1.1416116604	5.2033973076	123456	524235	0.890876371	0.1324410013	1.6493117407
A0R0S99	RA_GRP_EXP	2.2445929153	1.034856199	4.8684999525	123456	524236	0.8085241753	0.0342624789	1.5827858717
A0R0S99	RA_GRP_EXP	2.5882196062	1.1231233555	5.964510218	123456	524237	0.9509702286	0.1161135144	1.7858269429
A0R0S99	RA_GRP_EXP	2.4582877595	1.0938979529	5.5244446637	123456	524238	0.8994650749	0.0897474208	1.709182729
A0R0S99	RA_GRP_EXP	2.1318792737	0.966693764	4.7014984547	123456	524239	0.7570038788	-0.03387352	1.547881278
A0R0S99	RA_GRP_EXP	2.8351266642	1.387633691	5.7925540829	1234567	524230	1.0420866149	0.3275999159	1.756573314
A0R0S99	RA_GRP_EXP	2.9722040046	1.3978257386	6.3198125499	1234567	524231	1.0893037667	0.3349179855	1.8436895479
A0R0S99	RA_GRP_EXP	3.1684056166	1.5329773665	6.5485599269	1234567	524232	1.1532285013	0.4272118356	1.879245167
A0R0S99	RA_GRP_EXP	2.2493762375	1.0628929458	4.7603039214	1234567	524233	0.81065295	0.0609943848	1.5603115152
A0R0S99	RA_GRP_EXP	2.7987949069	1.2689723577	6.1729106101	1234567	524234	1.0291889341	0.2382074058	1.8201704625
A0R0S99	RA_GRP_EXP	2.0519418152	0.9289757595	4.5323736057	1234567	524235	0.7187865717	-0.073672634	1.511245777
A0R0S99	RA_GRP_EXP	1.7649405317	0.7878504551	3.9538151693	1234567	524236	0.5681169967	-0.238446985	1.3746809784
A0R0S99	RA_GRP_EXP	2.1945075922	0.9195462196	5.2372175207	1234567	524237	0.7859576898	-0.08387497	1.6557903498
A0R0S99	RA_GRP_EXP	2.1047247242	0.9286946053	4.769992352	1234567	524238	0.7441846862	-0.073975329	1.5623447015
A0R0S99	RA_GRP_EXP	1.7860672886	0.807170482	3.9521221731	1234567	524239	0.5800161573	-0.214220379	1.3742526937
A0R1S40	RA_GRP_EXP	2.4047969075	1.1253869767	5.1387196456	123	524230	0.877465454	0.1181269558	1.6368039522
A0R1S40	RA_GRP_EXP	2.4142459937	1.1013205581	5.2923589548	123	524231	0.8813870204	0.0965099672	1.6662640736
A0R1S40	RA_GRP_EXP	2.5290258291	1.1830047917	5.4065475383	123	524232	0.9278341808	0.1680576354	1.6876107262
A0R1S40	RA_GRP_EXP	2.013065129	0.9462884838	4.2824479882	123	524233	0.6996585003	-0.055207805	1.454524806
A0R1S40	RA_GRP_EXP	2.3089097351	0.9987599833	5.3376829806	123	524234	0.836775437	-0.001240786	1.6747916601
A0R1S40	RA_GRP_EXP	2.3516929858	1.0861482014	5.0918096556	123	524235	0.8551354883	0.0826376776	1.6276332989
A0R1S40	RA_GRP_EXP	2.2824371668	1.072876825	4.8556547209	123	524236	0.8252438049	0.0703436621	1.5801439476
A0R1S40	RA_GRP_EXP	2.4536884718	1.0765193591	5.5926417543	123	524237	0.8975923911	0.073733021	1.7214517613
A0R1S40	RA_GRP_EXP	2.5625747933	1.199016551	5.4768131148	123	524238	0.9410125317	0.18150168	1.7005233834
A0R1S40	RA_GRP_EXP	2.1973963342	1.0377625519	4.6528472631	123	524239	0.787273175	0.0370670032	1.5374793469
A0R1S40	RA_GRP_EXP	3.3633542808	1.6508713877	6.8522309507	1234	524230	1.2129387739	0.5013032623	1.9245742855
A0R1S40	RA_GRP_EXP	3.4482653394	1.6712755403	7.1146460078	1234	524231	1.2378713044	0.5135871315	1.9621554774
A0R1S40	RA_GRP_EXP	3.4573804142	1.688295056	7.0802075067	1234	524232	1.2405111966	0.5237191771	1.9573032161
A0R1S40	RA_GRP_EXP	2.7244992961	1.3252957265	5.600935901	1234	524233	1.0022846667	0.2816356244	1.722933709
A0R1S40	RA_GRP_EXP	3.2839919211	1.5046056803	7.1677271188	1234	524234	1.1890597315	0.4085308574	1.9695886056
A0R1S40	RA_GRP_EXP	2.4984493147	1.1525191659	5.416178024	1234	524235	0.9156702653	0.1419501256	1.6893904051
A0R1S40	RA_GRP_EXP	2.3707102782	1.1145152674	5.0427906976	1234	524236	0.8631896057	0.1084195727	1.6179596387
A0R1S40	RA_GRP_EXP	2.6480346224	1.1746879594	5.9693191753	1234	524237	0.9738177129	0.1610025459	1.7866328799
A0R1S40	RA_GRP_EXP	2.6356942576	1.2070322347	5.7553427489	1234	524238	0.9691466226	0.1881646482	1.7501285971
A0R1S40	RA_GRP_EXP	2.239573168	1.0443901055	4.8025043022	1234	524239	0.8062852977	0.0434330839	1.5691375115
A0R1S40	RA_GRP_EXP	3.0829658196	1.4834387936	6.4071927243	12345	524230	1.1258920621	0.3943629018	1.8574212225
A0R1S40	RA_GRP_EXP	3.201033887	1.533785113	6.680608554	12345	524231	1.1634738473	0.4277386104	1.8992090843
A0R1S40	RA_GRP_EXP	3.2261747656	1.5655793633	6.6481481952	12345	524232	1.1712971523	0.4482559557	1.894338349
A0R1S40	RA_GRP_EXP	2.5209139029	1.2018304494	5.287773254	12345	524233	0.9246214957	0.1838457691	1.6653972223
A0R1S40	RA_GRP_EXP	3.048882623	1.3821056134	6.7257416211	12345	524234	1.1147751704	0.3236081431	1.9059421976
A0R1S40	RA_GRP_EXP	2.2302385407	1.0150804022	4.9000689378	12345	524235	0.8021085487	0.0149678234	1.589249274
A0R1S40	RA_GRP_EXP	2.0678298604	0.9441378232	4.5289154046	12345	524236	0.7264996807	-0.057483124	1.5104824858
A0R1S40	RA_GRP_EXP	2.3364117136	0.9974242118	5.4729167699	12345	524237	0.8486162967	-0.002579111	1.6998117046
A0R1S40	RA_GRP_EXP	2.3821115112	1.0824502796	5.2422317759	12345	524238	0.8679872839	0.0792272488	1.6567473191
A0R1S40	RA_GRP_EXP	2.0398943098	0.9385345468	4.4336874003	12345	524239	0.7128979976	-0.063435613	1.4892316081
A0R1S40	RA_GRP_EXP	2.9863032277	1.4379368253	6.2019462963	123456	524230	1.0940362438	0.363209326	1.8248631615
A0R1S40	RA_GRP_EXP	3.0970079469	1.4912318576	6.431902708	123456	524231	1.130436467	0.3996025285	1.8612704055
A0R1S40	RA_GRP_EXP	3.2747562917	1.5644839071	6.8546750283	123456	524232	1.1862434516	0.4475559978	1.9249309054
A0R1S40	RA_GRP_EXP	2.6126966413	1.2056146202	5.6619948239	123456	524233	0.9603828838	0.1869894952	1.7337762725
A0R1S40	RA_GRP_EXP	2.9285028537	1.3944766552	6.1500699434	123456	524234	1.074491321	0.3325191874	1.8164634547
A0R1S40	RA_GRP_EXP	2.2833433653	1.0573562307	4.9308423903	123456	524235	0.8256407572	0.0557716706	1.5955098437
A0R1S40	RA_GRP_EXP	2.16253678	0.97401753	4.8013153573	123456	524236	0.7712819678	-0.026325978	1.5688899131
A0R1S40	RA_GRP_EXP	2.4196586867	1.068577414	5.479011706	123456	524237	0.8836264917	0.0663282442	1.7009247391
A0R1S40	RA_GRP_EXP	2.3103975627	1.039642269	5.1343977221	123456	524238	0.8374196148	0.0388766819	1.6359625477
A0R1S40	RA_GRP_EXP	2.0368206434	0.9078936129	4.5695203433	123456	524239	0.711390084	-0.096628074	1.5194082417
A0R1S40	RA_GRP_EXP	2.6382137477	1.257225874	5.5361346938	1234567	524230	0.9701020774	0.2289076064	1.7112965485
A0R1S40	RA_GRP_EXP	2.7878221267	1.300172308	5.977632474	1234567	524231	1.0252606912	0.2624968003	1.7880245822
A0R1S40	RA_GRP_EXP	2.8823727675	1.3854233506	5.9967754744	1234567	524232	1.0586138325	0.3260057612	1.7912219038
A0R1S40	RA_GRP_EXP	2.2501699725	1.0513347668	4.8160348778	1234567	524233	0.8110057567	0.0500605633	1.57195095
A0R1S40	RA_GRP_EXP	2.5041976452	1.1761979218	5.331590653	1234567	524234	0.9179683819	0.1622871362	1.6736496276
A0R1S40	RA_GRP_EXP	1.8344717772	0.8360694033	4.025128402	1234567	524235	0.6067565802	-0.179043651	1.3925568115
A0R1S40	RA_GRP_EXP	1.7596270183	0.7749990595	3.9952141948	1234567	524236	0.5651018651	-0.254893463	1.3850971935
A0R1S40	RA_GRP_EXP	1.9500483309	0.8254412331	4.6068555101	1234567	524237	0.6678541574	-0.191837208	1.5275455223
A0R1S40	RA_GRP_EXP	1.9434183146	0.8481616705	4.4530127653	1234567	524238	0.6644484404	-0.164684012	1.493580893
A0R1S40	RA_GRP_EXP	1.6853012527	0.7636259948	3.7194128168	1234567	524239	0.5219443328	-0.269677145	1.3135658109
A0R1S99	RA_GRP_EXP	2.3777055111	1.1037833056	5.1219143004	123	524230	0.8661359517	0.0987436475	1.633528256
A0R1S99	RA_GRP_EXP	2.3856749143	1.0849925497	5.2456072608	123	524231	0.8694820672	0.0815731203	1.6573910141
A0R1S99	RA_GRP_EXP	2.4810242025	1.1623635214	5.2956592148	123	524232	0.9086714598	0.1504554507	1.6668874689
A0R1S99	RA_GRP_EXP	1.9668165925	0.917447965	4.2164434995	123	524233	0.6764162928	-0.086159415	1.4389920001
A0R1S99	RA_GRP_EXP	2.2350501951	0.9453502408	5.2842313451	123	524234	0.8042636865	-0.056199795	1.6647271679
A0R1S99	RA_GRP_EXP	2.297016716	1.0462975253	5.0428158968	123	524235	0.831611201	0.0452577662	1.6179646358
A0R1S99	RA_GRP_EXP	2.2299593815	1.0530941081	4.7220080379	123	524236	0.8019833707	0.0517326006	1.5522341409
A0R1S99	RA_GRP_EXP	2.4143885535	1.0584329729	5.5074551119	123	524237	0.8814460681	0.0567894869	1.7061026493
A0R1S99	RA_GRP_EXP	2.4823190578	1.157861349	5.3218011901	123	524238	0.9091932272	0.1465746388	1.6718118156
A0R1S99	RA_GRP_EXP	2.1792566302	1.0270421745	4.624113379	123	524239	0.7789838233	0.0266829959	1.5312846507
A0R1S99	RA_GRP_EXP	3.3170159699	1.6277729414	6.759293428	1234	524230	1.1990655745	0.4872127869	1.9109183621
A0R1S99	RA_GRP_EXP	3.3958324129	1.6439071894	7.0147985547	1234	524231	1.2225489188	0.4970758409	1.9480219968
A0R1S99	RA_GRP_EXP	3.4507003908	1.6890839096	7.0495806155	1234	524232	1.2385772223	0.5241863167	1.9529681279
A0R1S99	RA_GRP_EXP	2.6928615357	1.3052119785	5.5558050106	1234	524233	0.9906043961	0.2663654632	1.714843329
A0R1S99	RA_GRP_EXP	3.2548993523	1.478002829	7.1680307952	1234	524234	1.1801613542	0.3906917366	1.9696309719
A0R1S99	RA_GRP_EXP	2.4809013369	1.1442637741	5.3788921603	1234	524235	0.9086219365	0.1347614381	1.6824824348
A0R1S99	RA_GRP_EXP	2.3253964894	1.1017085772	4.9082569972	1234	524236	0.8438905576	0.0968622267	1.5909188884
A0R1S99	RA_GRP_EXP	2.5797908068	1.1468526386	5.8031174911	1234	524237	0.947708313	0.1370213544	1.7583952716
A0R1S99	RA_GRP_EXP	2.6015585971	1.1960763783	5.6585910873	1234	524238	0.9561107258	0.179046515	1.7331749367
A0R1S99	RA_GRP_EXP	2.2209025564	1.0329848624	4.7749084663	1234	524239	0.7979136702	0.032452536	1.5633748044
A0R1S99	RA_GRP_EXP	3.0829658196	1.4834387936	6.4071927243	12345	524230	1.1258920621	0.3943629018	1.8574212225
A0R1S99	RA_GRP_EXP	3.201033887	1.533785113	6.680608554	12345	524231	1.1634738473	0.4277386104	1.8992090843
A0R1S99	RA_GRP_EXP	3.2261747656	1.5655793633	6.6481481952	12345	524232	1.1712971523	0.4482559557	1.894338349
A0R1S99	RA_GRP_EXP	2.5209139029	1.2018304494	5.287773254	12345	524233	0.9246214957	0.1838457691	1.6653972223
A0R1S99	RA_GRP_EXP	3.048882623	1.3821056134	6.7257416211	12345	524234	1.1147751704	0.3236081431	1.9059421976
A0R1S99	RA_GRP_EXP	2.2302385407	1.0150804022	4.9000689378	12345	524235	0.8021085487	0.0149678234	1.589249274
A0R1S99	RA_GRP_EXP	2.0678298604	0.9441378232	4.5289154046	12345	524236	0.7264996807	-0.057483124	1.5104824858
A0R1S99	RA_GRP_EXP	2.3364117136	0.9974242118	5.4729167699	12345	524237	0.8486162967	-0.002579111	1.6998117046
A0R1S99	RA_GRP_EXP	2.3821115112	1.0824502796	5.2422317759	12345	524238	0.8679872839	0.0792272488	1.6567473191
A0R1S99	RA_GRP_EXP	2.0398943098	0.9385345468	4.4336874003	12345	524239	0.7128979976	-0.063435613	1.4892316081
A0R1S99	RA_GRP_EXP	4.0236165492	1.9117484574	8.4684206609	123456	524230	1.3921811373	0.648018246	2.1363440286
A0R1S99	RA_GRP_EXP	3.8258063536	1.7681235459	8.2781513143	123456	524231	1.3417692565	0.5699188407	2.1136196722
A0R1S99	RA_GRP_EXP	4.0988530095	1.9362997849	8.6766502403	123456	524232	1.4107071808	0.6607788244	2.1606355372
A0R1S99	RA_GRP_EXP	3.3822068341	1.5512577742	7.3742244898	123456	524233	1.2185284059	0.4390660691	1.9979907428
A0R1S99	RA_GRP_EXP	3.8125849536	1.7552154483	8.2814927606	123456	524234	1.3383074246	0.562591612	2.1140232372
A0R1S99	RA_GRP_EXP	2.9518668425	1.2784980243	6.8154331805	123456	524235	1.0824377982	0.2456859704	1.9191896259
A0R1S99	RA_GRP_EXP	2.8235128894	1.2822261002	6.2174877232	123456	524236	1.0379818152	0.2485977082	1.8273659221
A0R1S99	RA_GRP_EXP	3.3090002087	1.451041222	7.5459485332	123456	524237	1.196646092	0.3722813829	2.0210108011
A0R1S99	RA_GRP_EXP	3.1025468985	1.3280448464	7.2480965409	123456	524238	1.1322233544	0.2837078204	1.9807388883
A0R1S99	RA_GRP_EXP	2.7104332567	1.1788758976	6.2317402992	123456	524239	0.9971084954	0.1645613553	1.8296556356
A0R1S99	RA_GRP_EXP	3.3837938422	1.5467339318	7.4027345821	1234567	524230	1.2189975185	0.436145567	2.0018494701
A0R1S99	RA_GRP_EXP	3.3283598665	1.4975922907	7.3971931275	1234567	524231	1.2024796501	0.403858679	2.0011006212
A0R1S99	RA_GRP_EXP	3.5584233889	1.637096109	7.7346570827	1234567	524232	1.2693175785	0.4929240071	2.0457111498
A0R1S99	RA_GRP_EXP	2.9649722713	1.3173962858	6.673057048	1234567	524233	1.0868676804	0.2756572779	1.898078083
A0R1S99	RA_GRP_EXP	3.1327951987	1.4241274651	6.8915220006	1234567	524234	1.1419256408	0.353559321	1.9302919606
A0R1S99	RA_GRP_EXP	2.290891877	0.9708363556	5.4058395751	1234567	524235	0.8289412077	-0.029597357	1.6874797721
A0R1S99	RA_GRP_EXP	2.2062880886	0.9412019593	5.1717987639	1234567	524236	0.7913115055	-0.06059754	1.6432205514
A0R1S99	RA_GRP_EXP	2.6115274646	1.0634222452	6.413328035	1234567	524237	0.9599352856	0.0614922408	1.8583783304
A0R1S99	RA_GRP_EXP	2.3844430586	0.9698234981	5.8624777711	1234567	524238	0.8689655787	-0.030641185	1.7685723421
A0R1S99	RA_GRP_EXP	2.2262935207	0.9292293656	5.3338637625	1234567	524239	0.8003381043	-0.073399675	1.6740758841
A1R0S40	RA_GRP_EXP	2.4047902753	1.1253877829	5.1386876207	123	524230	0.8774626962	0.1181276722	1.6367977202
A1R0S40	RA_GRP_EXP	2.4142399235	1.1013200619	5.2923347259	123	524231	0.8813845061	0.0965095166	1.6662594955
A1R0S40	RA_GRP_EXP	2.5290495078	1.1829973917	5.4066825995	123	524232	0.9278435435	0.1680513802	1.6876357069
A1R0S40	RA_GRP_EXP	2.0130668421	0.946288992	4.2824529767	123	524233	0.6996593513	-0.055207268	1.4545259708
A1R0S40	RA_GRP_EXP	2.3089083248	0.9987602534	5.3376750168	123	524234	0.8367748262	-0.001240516	1.6747901681
A1R0S40	RA_GRP_EXP	2.3516879238	1.0861519891	5.0917699793	123	524235	0.8551333358	0.0826411649	1.6276255067
A1R0S40	RA_GRP_EXP	2.2824386812	1.0728758049	4.8556657813	123	524236	0.8252444684	0.0703427113	1.5801462255
A1R0S40	RA_GRP_EXP	2.4536917058	1.076518802	5.5926593906	123	524237	0.8975937091	0.0737325035	1.7214549148
A1R0S40	RA_GRP_EXP	2.5625937831	1.1990114245	5.4769177034	123	524238	0.9410199421	0.1814974043	1.7005424798
A1R0S40	RA_GRP_EXP	2.1973854528	1.0377667466	4.6527823752	123	524239	0.7872682231	0.0370710452	1.5374654009
A1R0S40	RA_GRP_EXP	3.3633542808	1.6508713877	6.8522309507	1234	524230	1.2129387739	0.5013032623	1.9245742855
A1R0S40	RA_GRP_EXP	3.4482653394	1.6712755403	7.1146460078	1234	524231	1.2378713044	0.5135871315	1.9621554774
A1R0S40	RA_GRP_EXP	3.4573804142	1.688295056	7.0802075067	1234	524232	1.2405111966	0.5237191771	1.9573032161
A1R0S40	RA_GRP_EXP	2.7244992961	1.3252957265	5.600935901	1234	524233	1.0022846667	0.2816356244	1.722933709
A1R0S40	RA_GRP_EXP	3.2839919211	1.5046056803	7.1677271188	1234	524234	1.1890597315	0.4085308574	1.9695886056
A1R0S40	RA_GRP_EXP	2.4984493147	1.1525191659	5.416178024	1234	524235	0.9156702653	0.1419501256	1.6893904051
A1R0S40	RA_GRP_EXP	2.3707102782	1.1145152674	5.0427906976	1234	524236	0.8631896057	0.1084195727	1.6179596387
A1R0S40	RA_GRP_EXP	2.6480346224	1.1746879594	5.9693191753	1234	524237	0.9738177129	0.1610025459	1.7866328799
A1R0S40	RA_GRP_EXP	2.6356942576	1.2070322347	5.7553427489	1234	524238	0.9691466226	0.1881646482	1.7501285971
A1R0S40	RA_GRP_EXP	2.239573168	1.0443901055	4.8025043022	1234	524239	0.8062852977	0.0434330839	1.5691375115
A1R0S40	RA_GRP_EXP	3.0829658196	1.4834387936	6.4071927243	12345	524230	1.1258920621	0.3943629018	1.8574212225
A1R0S40	RA_GRP_EXP	3.201033887	1.533785113	6.680608554	12345	524231	1.1634738473	0.4277386104	1.8992090843
A1R0S40	RA_GRP_EXP	3.2261747656	1.5655793633	6.6481481952	12345	524232	1.1712971523	0.4482559557	1.894338349
A1R0S40	RA_GRP_EXP	2.5209139029	1.2018304494	5.287773254	12345	524233	0.9246214957	0.1838457691	1.6653972223
A1R0S40	RA_GRP_EXP	3.048882623	1.3821056134	6.7257416211	12345	524234	1.1147751704	0.3236081431	1.9059421976
A1R0S40	RA_GRP_EXP	2.2302385407	1.0150804022	4.9000689378	12345	524235	0.8021085487	0.0149678234	1.589249274
A1R0S40	RA_GRP_EXP	2.0678298604	0.9441378232	4.5289154046	12345	524236	0.7264996807	-0.057483124	1.5104824858
A1R0S40	RA_GRP_EXP	2.3364117136	0.9974242118	5.4729167699	12345	524237	0.8486162967	-0.002579111	1.6998117046
A1R0S40	RA_GRP_EXP	2.3821115112	1.0824502796	5.2422317759	12345	524238	0.8679872839	0.0792272488	1.6567473191
A1R0S40	RA_GRP_EXP	2.0398943098	0.9385345468	4.4336874003	12345	524239	0.7128979976	-0.063435613	1.4892316081
A1R0S40	RA_GRP_EXP	3.1311441067	1.5269179557	6.4208187354	123456	524230	1.1413984671	0.4232512957	1.8595456384
A1R0S40	RA_GRP_EXP	3.1562219305	1.5226151863	6.5425177442	123456	524231	1.1493757207	0.4204293738	1.8783220676
A1R0S40	RA_GRP_EXP	3.4259904362	1.6470165675	7.1264677602	123456	524232	1.2313906084	0.4989655103	1.9638157064
A1R0S40	RA_GRP_EXP	2.692122658	1.2464031289	5.8147514537	123456	524233	0.9903299746	0.2202619065	1.7603980428
A1R0S40	RA_GRP_EXP	3.0333368861	1.4417515455	6.3819128152	123456	524234	1.1096632961	0.3658587255	1.8534678667
A1R0S40	RA_GRP_EXP	2.4372766795	1.1416142088	5.2034369988	123456	524235	0.890881301	0.1324432335	1.6493193685
A1R0S40	RA_GRP_EXP	2.2446039259	1.0348573063	4.8685425068	123456	524236	0.8085290807	0.0342635489	1.5827946124
A1R0S40	RA_GRP_EXP	2.588239291	1.1231278964	5.9645768293	123456	524237	0.9509778341	0.1161175575	1.7858381108
A1R0S40	RA_GRP_EXP	2.4583082715	1.0938944177	5.5245547102	123456	524238	0.8994734189	0.089744189	1.7092026487
A1R0S40	RA_GRP_EXP	2.1318981256	0.9666933353	4.7015836894	123456	524239	0.7570127217	-0.033873964	1.5478994072
A1R0S40	RA_GRP_EXP	2.6377046656	1.2306449125	5.6535283511	1234567	524230	0.9699090941	0.2075383511	1.7322798372
A1R0S40	RA_GRP_EXP	2.727092554	1.296945136	5.7342701644	1234567	524231	1.0032360431	0.2600116037	1.7464604826
A1R0S40	RA_GRP_EXP	2.852105723	1.3699851085	5.9376609314	1234567	524232	1.0480575716	0.3147998701	1.7813152732
A1R0S40	RA_GRP_EXP	2.2941497157	1.0717019046	4.910995208	1234567	524233	0.8303622806	0.0692479499	1.5914766113
A1R0S40	RA_GRP_EXP	2.5124754169	1.1781684106	5.3579205348	1234567	524234	0.921268489	0.1639610381	1.6785759399
A1R0S40	RA_GRP_EXP	1.8710806239	0.847894058	4.1289860074	1234567	524235	0.6265161377	-0.164999583	1.418031858
A1R0S40	RA_GRP_EXP	1.7829778068	0.7796438642	4.0775153961	1234567	524236	0.5782848917	-0.248918048	1.4054878314
A1R0S40	RA_GRP_EXP	1.9895069905	0.8326659556	4.7535725922	1234567	524237	0.6878868646	-0.183122731	1.55889646
A1R0S40	RA_GRP_EXP	1.9968040926	0.8840646749	4.5101073454	1234567	524238	0.6915479488	-0.123225057	1.5063209549
A1R0S40	RA_GRP_EXP	1.7356001749	0.7734571929	3.8946020479	1234567	524239	0.5513532757	-0.256884953	1.3595915041
A1R0S99	RA_GRP_EXP	2.2561549215	1.0297888242	4.9429891933	123	524230	0.8136620021	0.0293537562	1.5979702481
A1R0S99	RA_GRP_EXP	2.2749063844	1.0196150536	5.0756401049	123	524231	0.8219389018	0.0194251576	1.624452646
A1R0S99	RA_GRP_EXP	2.3226556741	1.0803560342	4.9934736417	123	524232	0.8427112181	0.0772906481	1.6081317882
A1R0S99	RA_GRP_EXP	1.8385843195	0.8499310813	3.9772545968	123	524233	0.6089958839	-0.162600014	1.3805917815
A1R0S99	RA_GRP_EXP	2.1315160546	0.8962652783	5.0692142171	123	524234	0.7568334893	-0.10951884	1.6231858188
A1R0S99	RA_GRP_EXP	2.1580610243	0.9715855507	4.7934300601	123	524235	0.7692101446	-0.028825954	1.5672462429
A1R0S99	RA_GRP_EXP	2.0660293558	0.9650236774	4.4231840101	123	524236	0.7256285796	-0.035602642	1.486859801
A1R0S99	RA_GRP_EXP	2.2527049161	0.9689095567	5.2375161375	123	524237	0.8121316791	-0.031584008	1.6558473664
A1R0S99	RA_GRP_EXP	2.3146521074	1.0733097284	4.9916759691	123	524238	0.8392593987	0.0707470784	1.6077717189
A1R0S99	RA_GRP_EXP	2.0790606171	0.9802333497	4.4096572015	123	524239	0.7319161653	-0.019964624	1.4837969543
A1R0S99	RA_GRP_EXP	3.3091494766	1.6244996225	6.740826595	1234	524230	1.1966912007	0.4851998437	1.9081825576
A1R0S99	RA_GRP_EXP	3.38777943	1.6331116437	7.02771884	1234	524231	1.2201746714	0.4904871789	1.9498621638
A1R0S99	RA_GRP_EXP	3.4107611697	1.676542003	6.9388609031	1234	524232	1.2269354833	0.5167333406	1.937137626
A1R0S99	RA_GRP_EXP	2.666208837	1.3003187899	5.4668667542	1234	524233	0.9806575521	0.2626094574	1.6987056469
A1R0S99	RA_GRP_EXP	3.2550344708	1.4962223318	7.0813335565	1234	524234	1.1802028657	0.402943486	1.9574622454
A1R0S99	RA_GRP_EXP	2.479638366	1.1375030646	5.4053537239	1234	524235	0.9081127294	0.128835566	1.6873898928
A1R0S99	RA_GRP_EXP	2.2959472059	1.0774971998	4.8922387671	1234	524236	0.8311454842	0.0746409442	1.5876500243
A1R0S99	RA_GRP_EXP	2.5928100276	1.1412260821	5.8907379921	1234	524237	0.9527422403	0.1321031951	1.7733812856
A1R0S99	RA_GRP_EXP	2.5511507203	1.1670977424	5.5765423588	1234	524238	0.9365445202	0.1545201051	1.7185689354
A1R0S99	RA_GRP_EXP	2.1898874348	1.0185658543	4.7081953091	1234	524239	0.7838501429	0.0183956127	1.5493046731
A1R0S99	RA_GRP_EXP	3.0829658196	1.4834387936	6.4071927243	12345	524230	1.1258920621	0.3943629018	1.8574212225
A1R0S99	RA_GRP_EXP	3.201033887	1.533785113	6.680608554	12345	524231	1.1634738473	0.4277386104	1.8992090843
A1R0S99	RA_GRP_EXP	3.2261747656	1.5655793633	6.6481481952	12345	524232	1.1712971523	0.4482559557	1.894338349
A1R0S99	RA_GRP_EXP	2.5209139029	1.2018304494	5.287773254	12345	524233	0.9246214957	0.1838457691	1.6653972223
A1R0S99	RA_GRP_EXP	3.048882623	1.3821056134	6.7257416211	12345	524234	1.1147751704	0.3236081431	1.9059421976
A1R0S99	RA_GRP_EXP	2.2302385407	1.0150804022	4.9000689378	12345	524235	0.8021085487	0.0149678234	1.589249274
A1R0S99	RA_GRP_EXP	2.0678298604	0.9441378232	4.5289154046	12345	524236	0.7264996807	-0.057483124	1.5104824858
A1R0S99	RA_GRP_EXP	2.3364117136	0.9974242118	5.4729167699	12345	524237	0.8486162967	-0.002579111	1.6998117046
A1R0S99	RA_GRP_EXP	2.3821115112	1.0824502796	5.2422317759	12345	524238	0.8679872839	0.0792272488	1.6567473191
A1R0S99	RA_GRP_EXP	2.0398943098	0.9385345468	4.4336874003	12345	524239	0.7128979976	-0.063435613	1.4892316081
A1R0S99	RA_GRP_EXP	3.8079972561	1.7656579053	8.2127138327	123456	524230	1.3371033964	0.5685233718	2.1056834209
A1R0S99	RA_GRP_EXP	3.6445301575	1.6837091413	7.8888922931	123456	524231	1.2932274566	0.520999182	2.0654557312
A1R0S99	RA_GRP_EXP	3.9289681294	1.8454393984	8.3648320153	123456	524232	1.3683768289	0.6127174055	2.1240362524
A1R0S99	RA_GRP_EXP	3.2291260571	1.4802982861	7.0440229451	123456	524233	1.1722115301	0.3922436121	1.952179448
A1R0S99	RA_GRP_EXP	3.6637675174	1.6700074062	8.0378041266	123456	524234	1.2984919943	0.5128280613	2.0841559273
A1R0S99	RA_GRP_EXP	2.757909053	1.1846653827	6.4204309977	123456	524235	1.0144728031	0.1694603572	1.859485249
A1R0S99	RA_GRP_EXP	2.5969280538	1.1563418865	5.8322157099	123456	524236	0.9543292287	0.1452614761	1.7633969813
A1R0S99	RA_GRP_EXP	3.0869798327	1.3221102905	7.2077530566	123456	524237	1.1271932125	0.2792291649	1.9751572601
A1R0S99	RA_GRP_EXP	2.8683500376	1.2024749606	6.8420817131	123456	524238	1.0537369647	0.1843819	1.9230920293
A1R0S99	RA_GRP_EXP	2.5864288143	1.11845776	5.9811056357	123456	524239	0.9502780881	0.1119507364	1.7886054398
A1R0S99	RA_GRP_EXP	3.2917370068	1.4930257422	7.257431815	1234567	524230	1.1914153911	0.4008047604	1.9820260218
A1R0S99	RA_GRP_EXP	3.1345349332	1.4486860508	6.7822212012	1234567	524231	1.1424808164	0.3706569738	1.9143046591
A1R0S99	RA_GRP_EXP	3.4193676033	1.5963266531	7.3243623315	1234567	524232	1.2294556227	0.467705148	1.9912060974
A1R0S99	RA_GRP_EXP	3.1061236809	1.3844952831	6.9686075774	1234567	524233	1.1333755439	0.3253356567	1.9414154311
A1R0S99	RA_GRP_EXP	3.1250124753	1.3978061775	6.9864500016	1234567	524234	1.1394382753	0.3349039915	1.9439725591
A1R0S99	RA_GRP_EXP	2.2510723603	0.9693952541	5.2273071795	1234567	524235	0.8114067073	-0.031082851	1.6538962659
A1R0S99	RA_GRP_EXP	2.1778985448	0.9489952258	4.9981727435	1234567	524236	0.7783604416	-0.052351511	1.6090723943
A1R0S99	RA_GRP_EXP	2.5614862009	1.0474274633	6.2641202254	1234567	524237	0.9405876373	0.046337123	1.8348381516
A1R0S99	RA_GRP_EXP	2.4046484937	0.9810950409	5.8937555866	1234567	524238	0.8774037364	-0.019085942	1.7738934153
A1R0S99	RA_GRP_EXP	2.1719074552	0.9390580193	5.0233126143	1234567	524239	0.775605793	-0.062878013	1.6140895994
A1R1S40	RA_GRP_EXP	2.3088655296	1.0626355858	5.0166398575	123	524230	0.8367562912	0.0607522238	1.6127603585
A1R1S40	RA_GRP_EXP	2.3042016264	1.0299471035	5.1549687523	123	524231	0.8347342505	0.0295074451	1.6399610558
A1R1S40	RA_GRP_EXP	2.366115146	1.0916419109	5.1285140558	123	524232	0.8612494313	0.0876829032	1.6348159595
A1R1S40	RA_GRP_EXP	1.9103826152	0.8982220369	4.0630953001	123	524233	0.6473035441	-0.107337984	1.4019450723
A1R1S40	RA_GRP_EXP	2.2030934924	0.9369518078	5.1802247418	123	524234	0.7898625056	-0.065123431	1.6448484418
A1R1S40	RA_GRP_EXP	2.2165975865	1.0092269391	4.8683845722	123	524235	0.7959734015	0.009184631	1.582762172
A1R1S40	RA_GRP_EXP	2.1455353781	1.0057106522	4.5771833565	123	524236	0.7633891148	0.0056944083	1.5210838213
A1R1S40	RA_GRP_EXP	2.3026157899	0.9923121406	5.3431166052	123	524237	0.8340457767	-0.007717563	1.6758091167
A1R1S40	RA_GRP_EXP	2.3580807534	1.0911384119	5.0960948482	123	524238	0.8578480481	0.0872215658	1.6284745304
A1R1S40	RA_GRP_EXP	2.080921244	0.9702192508	4.4631491491	123	524239	0.7328107014	-0.030233201	1.4958546041
A1R1S40	RA_GRP_EXP	3.2959634748	1.6256753695	6.68237671	1234	524230	1.1926985303	0.4859233414	1.8994737192
A1R1S40	RA_GRP_EXP	3.3775390343	1.6245987622	7.0218999261	1234	524231	1.217147348	0.4852608697	1.9490338262
A1R1S40	RA_GRP_EXP	3.4124356597	1.6705365271	6.970645025	1234	524232	1.227426306	0.5131448485	1.9417077635
A1R1S40	RA_GRP_EXP	2.676164618	1.2973809728	5.5202420977	1234	524233	0.9843846568	0.2603475961	1.7084217176
A1R1S40	RA_GRP_EXP	3.2525941168	1.4852078797	7.1231567196	1234	524234	1.1794528677	0.3955547488	1.9633509867
A1R1S40	RA_GRP_EXP	2.4463316763	1.1146741193	5.3688684133	1234	524235	0.8945896275	0.1085620925	1.6806171625
A1R1S40	RA_GRP_EXP	2.2769779252	1.0756788281	4.8198666148	1234	524236	0.8228490924	0.0729519303	1.5727462544
A1R1S40	RA_GRP_EXP	2.587238828	1.13909874	5.8764043167	1234	524237	0.9505912175	0.1302373708	1.7709450641
A1R1S40	RA_GRP_EXP	2.5529020001	1.1623415077	5.6070514383	1234	524238	0.9372307514	0.1504365117	1.724024991
A1R1S40	RA_GRP_EXP	2.1957075397	1.0153977337	4.748022809	1234	524239	0.7865043361	0.0152803916	1.5577282807
A1R1S40	RA_GRP_EXP	3.0829658196	1.4834387936	6.4071927243	12345	524230	1.1258920621	0.3943629018	1.8574212225
A1R1S40	RA_GRP_EXP	3.201033887	1.533785113	6.680608554	12345	524231	1.1634738473	0.4277386104	1.8992090843
A1R1S40	RA_GRP_EXP	3.2261747656	1.5655793633	6.6481481952	12345	524232	1.1712971523	0.4482559557	1.894338349
A1R1S40	RA_GRP_EXP	2.5209139029	1.2018304494	5.287773254	12345	524233	0.9246214957	0.1838457691	1.6653972223
A1R1S40	RA_GRP_EXP	3.048882623	1.3821056134	6.7257416211	12345	524234	1.1147751704	0.3236081431	1.9059421976
A1R1S40	RA_GRP_EXP	2.2302385407	1.0150804022	4.9000689378	12345	524235	0.8021085487	0.0149678234	1.589249274
A1R1S40	RA_GRP_EXP	2.0678298604	0.9441378232	4.5289154046	12345	524236	0.7264996807	-0.057483124	1.5104824858
A1R1S40	RA_GRP_EXP	2.3364117136	0.9974242118	5.4729167699	12345	524237	0.8486162967	-0.002579111	1.6998117046
A1R1S40	RA_GRP_EXP	2.3821115112	1.0824502796	5.2422317759	12345	524238	0.8679872839	0.0792272488	1.6567473191
A1R1S40	RA_GRP_EXP	2.0398943098	0.9385345468	4.4336874003	12345	524239	0.7128979976	-0.063435613	1.4892316081
A1R1S40	RA_GRP_EXP	2.952843176	1.4238990761	6.1235258651	123456	524230	1.0827684947	0.353398937	1.8121380524
A1R1S40	RA_GRP_EXP	2.9766448331	1.4397517123	6.1541267056	123456	524231	1.0907967713	0.3644706767	1.8171228658
A1R1S40	RA_GRP_EXP	3.2428518506	1.5493618013	6.787367622	123456	524232	1.1764531434	0.437843105	1.9150631819
A1R1S40	RA_GRP_EXP	2.5460279198	1.1800797634	5.493067816	123456	524233	0.9345344662	0.1655820323	1.7034869002
A1R1S40	RA_GRP_EXP	2.8996040228	1.3627920329	6.1694692116	123456	524234	1.0645741838	0.3095355607	1.8196128069
A1R1S40	RA_GRP_EXP	2.2445655832	1.0378486079	4.8543444766	123456	524235	0.8085119983	0.0371499243	1.5798740724
A1R1S40	RA_GRP_EXP	2.0826172863	0.9403361921	4.6124936992	123456	524236	0.7336254134	-0.061517816	1.5287686433
A1R1S40	RA_GRP_EXP	2.3850957229	1.0409870625	5.4646996225	123456	524237	0.8692392589	0.0401693616	1.6983091563
A1R1S40	RA_GRP_EXP	2.276979359	1.0003253893	5.1829485253	123456	524238	0.822849722	0.0003253364	1.6453741077
A1R1S40	RA_GRP_EXP	2.0103198778	0.9092984447	4.4445099787	123456	524239	0.6982938526	-0.095081917	1.4916696219
A1R1S40	RA_GRP_EXP	2.6301868256	1.2257598822	5.643750328	1234567	524230	0.96705488	0.2035609637	1.7305487963
A1R1S40	RA_GRP_EXP	2.7035124414	1.2753607339	5.7309115192	1234567	524231	0.9945518318	0.2432290671	1.7458745965
A1R1S40	RA_GRP_EXP	2.8520899966	1.3678378138	5.946916562	1234567	524232	1.0480520577	0.313231255	1.7828728604
A1R1S40	RA_GRP_EXP	2.2544119424	1.0566113534	4.8100687067	1234567	524233	0.8128891595	0.0550669509	1.5707113681
A1R1S40	RA_GRP_EXP	2.4986737507	1.1715682737	5.3290710002	1234567	524234	0.9157600914	0.1583432562	1.6731769266
A1R1S40	RA_GRP_EXP	1.848320576	0.8429430796	4.0528109603	1234567	524235	0.61427743	-0.170855845	1.3994107046
A1R1S40	RA_GRP_EXP	1.751283211	0.7632536469	4.0183140919	1234567	524236	0.5603487826	-0.270164869	1.3908624346
A1R1S40	RA_GRP_EXP	1.9470959503	0.8183726645	4.6325870889	1234567	524237	0.6663390063	-0.200437466	1.5331154785
A1R1S40	RA_GRP_EXP	1.9414991193	0.8568472898	4.3991722622	1234567	524238	0.6634604166	-0.154495568	1.481416401
A1R1S40	RA_GRP_EXP	1.715360563	0.7591910449	3.8757857864	1234567	524239	0.5396232993	-0.275501827	1.3547484258
A1R1S99	RA_GRP_EXP	2.2561485256	1.0297853944	4.9429776312	123	524230	0.8136591673	0.0293504256	1.597967909
A1R1S99	RA_GRP_EXP	2.2748804276	1.0196163762	5.0755176956	123	524231	0.8219274917	0.0194264548	1.6244285287
A1R1S99	RA_GRP_EXP	2.3226540524	1.0803562536	4.9934656547	123	524232	0.8427105199	0.0772908511	1.6081301887
A1R1S99	RA_GRP_EXP	1.8385869649	0.8499354496	3.9772456003	123	524233	0.6089973227	-0.162594874	1.3805895195
A1R1S99	RA_GRP_EXP	2.1315060132	0.8962668393	5.0691576267	123	524234	0.7568287783	-0.109517099	1.6231746552
A1R1S99	RA_GRP_EXP	2.1580555586	0.9715847465	4.793409747	123	524235	0.7692076119	-0.028826781	1.5672420052
A1R1S99	RA_GRP_EXP	2.0660316042	0.9650230255	4.4231966254	123	524236	0.7256296679	-0.035603317	1.4868626531
A1R1S99	RA_GRP_EXP	2.2527481025	0.9688908716	5.2378179652	123	524237	0.8121508498	-0.031603293	1.6559049928
A1R1S99	RA_GRP_EXP	2.3146433262	1.0733076014	4.9916479865	123	524238	0.8392556049	0.0707450968	1.6077661131
A1R1S99	RA_GRP_EXP	2.0790537654	0.9802343883	4.4096234642	123	524239	0.7319128697	-0.019963564	1.4837893036
A1R1S99	RA_GRP_EXP	3.3091494766	1.6244996225	6.740826595	1234	524230	1.1966912007	0.4851998437	1.9081825576
A1R1S99	RA_GRP_EXP	3.38777943	1.6331116437	7.02771884	1234	524231	1.2201746714	0.4904871789	1.9498621638
A1R1S99	RA_GRP_EXP	3.4107611697	1.676542003	6.9388609031	1234	524232	1.2269354833	0.5167333406	1.937137626
A1R1S99	RA_GRP_EXP	2.666208837	1.3003187899	5.4668667542	1234	524233	0.9806575521	0.2626094574	1.6987056469
A1R1S99	RA_GRP_EXP	3.2550344708	1.4962223318	7.0813335565	1234	524234	1.1802028657	0.402943486	1.9574622454
A1R1S99	RA_GRP_EXP	2.479638366	1.1375030646	5.4053537239	1234	524235	0.9081127294	0.128835566	1.6873898928
A1R1S99	RA_GRP_EXP	2.2959472059	1.0774971998	4.8922387671	1234	524236	0.8311454842	0.0746409442	1.5876500243
A1R1S99	RA_GRP_EXP	2.5928100276	1.1412260821	5.8907379921	1234	524237	0.9527422403	0.1321031951	1.7733812856
A1R1S99	RA_GRP_EXP	2.5511507203	1.1670977424	5.5765423588	1234	524238	0.9365445202	0.1545201051	1.7185689354
A1R1S99	RA_GRP_EXP	2.1898874348	1.0185658543	4.7081953091	1234	524239	0.7838501429	0.0183956127	1.5493046731
A1R1S99	RA_GRP_EXP	2.9631546939	1.4395753004	6.0992194974	12345	524230	1.0862544758	0.3643481398	1.8081608117
A1R1S99	RA_GRP_EXP	3.2369197944	1.5614256139	6.7103099	12345	524231	1.1746221969	0.445599259	1.9036451347
A1R1S99	RA_GRP_EXP	3.247786842	1.5614166632	6.7554802122	12345	524232	1.1779737927	0.4455935266	1.9103540588
A1R1S99	RA_GRP_EXP	2.6213478465	1.2338919994	5.5689351548	12345	524233	0.9636886307	0.2101734009	1.7172038606
A1R1S99	RA_GRP_EXP	3.1081394388	1.4454730296	6.6833006032	12345	524234	1.134024296	0.3684366241	1.8996119678
A1R1S99	RA_GRP_EXP	2.197657941	1.0023939925	4.818165773	12345	524235	0.787392221	0.0023911314	1.5723933106
A1R1S99	RA_GRP_EXP	2.0265593836	0.9192207149	4.4678528983	12345	524236	0.7063394702	-0.084229017	1.4969079573
A1R1S99	RA_GRP_EXP	2.3228075656	0.9835487582	5.4856812556	12345	524237	0.8427766116	-0.016588066	1.7021412894
A1R1S99	RA_GRP_EXP	2.3632203059	1.0532330258	5.302539967	12345	524238	0.8600252253	0.0518645058	1.6681859448
A1R1S99	RA_GRP_EXP	2.085653868	0.9539283736	4.560040541	12345	524239	0.7350824118	-0.04716669	1.5173315141
A1R1S99	RA_GRP_EXP	3.7396411672	1.7078245123	8.1887313118	123456	524230	1.3189896622	0.5352203456	2.1027589789
A1R1S99	RA_GRP_EXP	3.6502893688	1.664133502	8.0069372195	123456	524231	1.2948064436	0.5093045688	2.0803083184
A1R1S99	RA_GRP_EXP	3.9036422279	1.831656981	8.3194740068	123456	524232	1.3619100219	0.6052210113	2.1185990325
A1R1S99	RA_GRP_EXP	3.2258081577	1.4684124607	7.0864546228	123456	524233	1.1711835104	0.3841818585	1.9581851623
A1R1S99	RA_GRP_EXP	3.6196451715	1.6450766684	7.9642678172	123456	524234	1.2863760021	0.4977869901	2.0749650141
A1R1S99	RA_GRP_EXP	2.7807032068	1.1829425364	6.5365054401	123456	524235	1.0227038478	0.1680050093	1.8774026863
A1R1S99	RA_GRP_EXP	2.5749470323	1.1489865259	5.7706092018	123456	524236	0.9458289639	0.138880272	1.7527776558
A1R1S99	RA_GRP_EXP	3.0440182634	1.2769929459	7.2561459462	123456	524237	1.1131784398	0.2445080531	1.9818488265
A1R1S99	RA_GRP_EXP	2.8158366985	1.1680275041	6.7883130192	123456	524238	1.035259446	0.1553164321	1.9152024599
A1R1S99	RA_GRP_EXP	2.5725981742	1.1125170235	5.9489079503	123456	524239	0.944916351	0.106625037	1.7832076649
A1R1S99	RA_GRP_EXP	3.2721950293	1.4893576717	7.1891799489	1234567	524230	1.1854610225	0.3983449342	1.9725771108
A1R1S99	RA_GRP_EXP	3.1598727767	1.4323453793	6.9709415822	1234567	524231	1.1505317663	0.3593132261	1.9417503064
A1R1S99	RA_GRP_EXP	3.4402495905	1.6014743195	7.3902635223	1234567	524232	1.2355440241	0.4709246546	2.0001633936
A1R1S99	RA_GRP_EXP	3.1250544916	1.3967733934	6.9918038398	1234567	524233	1.1394517203	0.3341648577	1.944738583
A1R1S99	RA_GRP_EXP	3.1086660378	1.4138741779	6.8349819849	1234567	524234	1.1341937074	0.3463335804	1.9220538345
A1R1S99	RA_GRP_EXP	2.2546711831	0.977251799	5.2018754519	1234567	524235	0.8130041455	-0.023010933	1.6490192244
A1R1S99	RA_GRP_EXP	2.2149916424	0.9714756139	5.0502430591	1234567	524236	0.7952486303	-0.028939112	1.6194363726
A1R1S99	RA_GRP_EXP	2.5708076604	1.047113714	6.3116851001	1234567	524237	0.9442201143	0.0460375354	1.8424026932
A1R1S99	RA_GRP_EXP	2.3821310263	0.9788411349	5.7972106241	1234567	524238	0.8679954763	-0.021385922	1.757376875
A1R1S99	RA_GRP_EXP	2.1402649802	0.9168603774	4.9961087843	1234567	524239	0.7609296439	-0.086800079	1.6086593663
A0R0S40	RA_GRP_S8	2.3989375648	1.1061626736	5.2025814798	123	524230	0.875025958	0.1008969751	1.6491549408
A0R0S40	RA_GRP_S8	2.4226598211	1.1281921942	5.2023765444	123	524231	0.8848660362	0.1206165235	1.649115549
A0R0S40	RA_GRP_S8	2.3510059527	1.0792205979	5.1215006464	123	524232	0.8548433016	0.076239112	1.6334474911
A0R0S40	RA_GRP_S8	1.8914984474	0.8358345068	4.2804722077	123	524233	0.6373693442	-0.179324644	1.4540633324
A0R0S40	RA_GRP_S8	2.2195928749	0.9451398832	5.2125538431	123	524234	0.7973237894	-0.056422338	1.6510699167
A0R0S40	RA_GRP_S8	2.3627889026	1.0823885317	5.1578257115	123	524235	0.8598426597	0.0791702025	1.6405151169
A0R0S40	RA_GRP_S8	2.2328381488	1.0448289046	4.7716579972	123	524236	0.8032734887	0.0438531444	1.562693833
A0R0S40	RA_GRP_S8	2.3092989862	1.0114473053	5.2725058239	123	524237	0.8369440093	0.0113822807	1.6625057379
A0R0S40	RA_GRP_S8	2.3787373144	1.107170522	5.1106772611	123	524238	0.8665698067	0.1018076816	1.6313319319
A0R0S40	RA_GRP_S8	2.249364541	1.0660525159	4.746145957	123	524239	0.8106477501	0.063962589	1.5573329112
A0R0S40	RA_GRP_S8	2.398891458	1.1061521512	5.2024309866	1234	524230	0.8750067381	0.1008874625	1.6491260138
A0R0S40	RA_GRP_S8	2.4225248596	1.1281694075	5.2019019983	1234	524231	0.8848103267	0.1205963258	1.6490243276
A0R0S40	RA_GRP_S8	2.3509663111	1.0791849762	5.1214969796	1234	524232	0.8548264399	0.0762061046	1.6334467751
A0R0S40	RA_GRP_S8	1.8914685199	0.8358275174	4.2803725497	1234	524233	0.637353522	-0.179333006	1.4540400501
A0R0S40	RA_GRP_S8	2.2195875972	0.9451184062	5.2126475046	1234	524234	0.7973214116	-0.056445062	1.651087885
A0R0S40	RA_GRP_S8	2.3626685394	1.0823776449	5.1573521065	1234	524235	0.8597917173	0.0791601444	1.6404232901
A0R0S40	RA_GRP_S8	2.2327400895	1.0448298981	4.7712343572	1234	524236	0.8032295709	0.0438540953	1.5626050465
A0R0S40	RA_GRP_S8	2.3092823404	1.0114445944	5.2724439452	1234	524237	0.8369368011	0.0113796004	1.6624940018
A0R0S40	RA_GRP_S8	2.3785823989	1.1071547941	5.1100842071	1234	524238	0.8665046795	0.101793476	1.631215883
A0R0S40	RA_GRP_S8	2.2493007839	1.0660522155	4.7458782441	1234	524239	0.8106194052	0.0639623072	1.5572765033
A0R0S40	RA_GRP_S8	2.3654438323	1.0692625563	5.2328817569	12345	524230	0.8609656713	0.0669692111	1.6549621315
A0R0S40	RA_GRP_S8	2.4058991121	1.1198758901	5.1687428835	12345	524231	0.8779236849	0.1132178668	1.642629503
A0R0S40	RA_GRP_S8	2.3731132582	1.0853715051	5.1886994542	12345	524232	0.8642027042	0.0819223294	1.6464830789
A0R0S40	RA_GRP_S8	1.8643803978	0.7952003718	4.3711175082	12345	524233	0.6229287715	-0.229161156	1.4750186991
A0R0S40	RA_GRP_S8	2.2153236829	0.9311197035	5.2707068719	12345	524234	0.7953985251	-0.071367435	1.6621644848
A0R0S40	RA_GRP_S8	2.3096901078	1.0560281364	5.051634715	12345	524235	0.8371133631	0.0545148293	1.6197118969
A0R0S40	RA_GRP_S8	2.2187949623	1.0157289858	4.8468155909	12345	524236	0.7969642387	0.0156065673	1.5783219101
A0R0S40	RA_GRP_S8	2.317351659	1.0201256376	5.2641738562	12345	524237	0.8404250074	0.0199257939	1.6609242209
A0R0S40	RA_GRP_S8	2.3270713543	1.0677041363	5.0718742241	12345	524238	0.8446105475	0.0655106762	1.6237104187
A0R0S40	RA_GRP_S8	2.230055695	1.0504729107	4.7341995705	12345	524239	0.8020265605	0.049240454	1.5548126671
A0R0S40	RA_GRP_S8	2.3790262899	1.1118556255	5.090378605	123456	524230	0.8666912821	0.1060303542	1.6273522099
A0R0S40	RA_GRP_S8	2.337250772	1.0971282544	4.9791272349	123456	524231	0.8489753549	0.0926960882	1.6052546216
A0R0S40	RA_GRP_S8	2.4510209022	1.1416587752	5.262083202	123456	524232	0.8965046326	0.1324822708	1.6605269943
A0R0S40	RA_GRP_S8	1.9372989036	0.8243145669	4.5530276821	123456	524233	0.6612946851	-0.193203066	1.5157924363
A0R0S40	RA_GRP_S8	2.1511690362	0.9562443288	4.8392739001	123456	524234	0.7660114321	-0.044741825	1.5767646888
A0R0S40	RA_GRP_S8	2.3969098307	1.1001946501	5.2219638919	123456	524235	0.8741803372	0.0954871187	1.6528735556
A0R0S40	RA_GRP_S8	2.2829566095	1.0307317082	5.0564961178	123456	524236	0.8254713615	0.0302689464	1.6206737766
A0R0S40	RA_GRP_S8	2.3489802235	1.0523547834	5.2432014161	123456	524237	0.8539812865	0.051030304	1.6569322691
A0R0S40	RA_GRP_S8	2.2886728373	1.0560609374	4.9599631714	123456	524238	0.8279721025	0.0545458895	1.6013983156
A0R0S40	RA_GRP_S8	2.2763831838	1.0497644794	4.9362695167	123456	524239	0.8225878605	0.0485658337	1.5966098874
A0R0S40	RA_GRP_S8	2.3617757687	1.1235496259	4.9646091752	1234567	524230	0.8594137805	0.1164929825	1.6023345784
A0R0S40	RA_GRP_S8	2.3481788707	1.1418173775	4.8290944924	1234567	524231	0.8536400791	0.1326211838	1.5746589744
A0R0S40	RA_GRP_S8	2.4040346516	1.1330761372	5.1006127621	1234567	524232	0.8771484307	0.1249361795	1.6293606819
A0R0S40	RA_GRP_S8	1.7877378201	0.7669972511	4.1669073896	1234567	524233	0.580951033	-0.265272062	1.4271741275
A0R0S40	RA_GRP_S8	2.1636544344	0.9696263189	4.8280460427	1234567	524234	0.7717986599	-0.03084452	1.5744418398
A0R0S40	RA_GRP_S8	2.3108264757	1.0758502708	4.9634406811	1234567	524235	0.8376052422	0.0731112985	1.602099186
A0R0S40	RA_GRP_S8	2.1686246086	1.0176773821	4.6212412455	1234567	524236	0.7740931457	0.0175229545	1.5306633369
A0R0S40	RA_GRP_S8	2.3239618562	1.051101407	5.1382280274	1234567	524237	0.8432734259	0.0498385735	1.6367082783
A0R0S40	RA_GRP_S8	2.3292450073	1.1014429921	4.9257041381	1234567	524238	0.8455441839	0.0966211311	1.5944672366
A0R0S40	RA_GRP_S8	2.1967674904	1.0691684625	4.5135893698	1234567	524239	0.7869869573	0.0668812085	1.5070927061
A0R0S99	RA_GRP_S8	2.3989485543	1.1061638472	5.2026236266	123	524230	0.875030539	0.1008980361	1.6491630419
A0R0S99	RA_GRP_S8	2.4226892835	1.1281950178	5.2024900586	123	524231	0.8848781973	0.1206190263	1.6491373684
A0R0S99	RA_GRP_S8	2.3510164152	1.0792170378	5.1215631249	123	524232	0.8548477517	0.0762358132	1.6334596903
A0R0S99	RA_GRP_S8	1.8914941974	0.8358327349	4.2804620463	123	524233	0.6373670974	-0.179326764	1.4540609585
A0R0S99	RA_GRP_S8	2.2195358043	0.9451532345	5.2122121651	123	524234	0.7972980769	-0.056408212	1.6510043655
A0R0S99	RA_GRP_S8	2.3627897713	1.0823895914	5.1578244537	123	524235	0.8598430274	0.0791711816	1.6405148731
A0R0S99	RA_GRP_S8	2.2328398404	1.0448305053	4.7716579171	123	524236	0.8032742463	0.0438546764	1.5626938162
A0R0S99	RA_GRP_S8	2.3093214458	1.0114472782	5.2726085238	123	524237	0.836953735	0.0113822538	1.6625252162
A0R0S99	RA_GRP_S8	2.3787465542	1.1071677863	5.1107295927	123	524238	0.8665736911	0.1018052107	1.6313421715
A0R0S99	RA_GRP_S8	2.2493655887	1.0660521643	4.7461519437	123	524239	0.8106482159	0.0639622592	1.5573341726
A0R0S99	RA_GRP_S8	2.3295912668	1.0769890865	5.0390440707	1234	524230	0.8456928302	0.0741692649	1.6172163956
A0R0S99	RA_GRP_S8	2.3588786125	1.0985824406	5.0649893017	1234	524231	0.8581863419	0.0940206584	1.6223520255
A0R0S99	RA_GRP_S8	2.2926074476	1.0478464152	5.0160489481	1234	524232	0.8296897932	0.0467370248	1.6126425617
A0R0S99	RA_GRP_S8	1.8302919134	0.806468982	4.1538714607	1234	524233	0.6044754697	-0.215089842	1.4240407815
A0R0S99	RA_GRP_S8	2.1485885918	0.9130738111	5.0559252497	1234	524234	0.7648111576	-0.090938557	1.6205608723
A0R0S99	RA_GRP_S8	2.3182457286	1.0726238045	5.0103896964	1234	524235	0.8408107482	0.0701078006	1.6115136958
A0R0S99	RA_GRP_S8	2.1717780709	1.0081090354	4.678680404	1234	524236	0.7755462195	0.0080763338	1.5430161052
A0R0S99	RA_GRP_S8	2.2453843205	0.9795590325	5.1469595801	1234	524237	0.8088766961	-0.020652775	1.6384061675
A0R0S99	RA_GRP_S8	2.3076186367	1.0735086029	4.960466789	1234	524238	0.8362160996	0.0709323522	1.601499847
A0R0S99	RA_GRP_S8	2.2064892495	1.0439974964	4.6634161719	1234	524239	0.7914026775	0.0430570914	1.5397482637
A0R0S99	RA_GRP_S8	2.3654438323	1.0692625563	5.2328817569	12345	524230	0.8609656713	0.0669692111	1.6549621315
A0R0S99	RA_GRP_S8	2.4058991121	1.1198758901	5.1687428835	12345	524231	0.8779236849	0.1132178668	1.642629503
A0R0S99	RA_GRP_S8	2.3731132582	1.0853715051	5.1886994542	12345	524232	0.8642027042	0.0819223294	1.6464830789
A0R0S99	RA_GRP_S8	1.8643803978	0.7952003718	4.3711175082	12345	524233	0.6229287715	-0.229161156	1.4750186991
A0R0S99	RA_GRP_S8	2.2153236829	0.9311197035	5.2707068719	12345	524234	0.7953985251	-0.071367435	1.6621644848
A0R0S99	RA_GRP_S8	2.3096901078	1.0560281364	5.051634715	12345	524235	0.8371133631	0.0545148293	1.6197118969
A0R0S99	RA_GRP_S8	2.2187949623	1.0157289858	4.8468155909	12345	524236	0.7969642387	0.0156065673	1.5783219101
A0R0S99	RA_GRP_S8	2.317351659	1.0201256376	5.2641738562	12345	524237	0.8404250074	0.0199257939	1.6609242209
A0R0S99	RA_GRP_S8	2.3270713543	1.0677041363	5.0718742241	12345	524238	0.8446105475	0.0655106762	1.6237104187
A0R0S99	RA_GRP_S8	2.230055695	1.0504729107	4.7341995705	12345	524239	0.8020265605	0.049240454	1.5548126671
A0R0S99	RA_GRP_S8	2.3275093231	1.0891888685	4.9737008937	123456	524230	0.8447987358	0.0854332619	1.6041642096
A0R0S99	RA_GRP_S8	2.3400026064	1.1035835668	4.9616652175	123456	524231	0.8501520432	0.0985626727	1.6017414137
A0R0S99	RA_GRP_S8	2.4335088967	1.1082831752	5.3433686288	123456	524232	0.8893342062	0.102812129	1.6758562834
A0R0S99	RA_GRP_S8	1.9008939784	0.8007288248	4.5126362445	123456	524233	0.6423242904	-0.222232935	1.5068815159
A0R0S99	RA_GRP_S8	2.1242597129	0.944432836	4.7779780158	123456	524234	0.7534233713	-0.057170705	1.5640174478
A0R0S99	RA_GRP_S8	2.3895437536	1.1270224543	5.066375855	123456	524235	0.8711024497	0.1195791588	1.6226257405
A0R0S99	RA_GRP_S8	2.2432254992	1.0415944515	4.8311131392	123456	524236	0.8079147851	0.0407526655	1.5750769047
A0R0S99	RA_GRP_S8	2.3387031144	1.044609872	5.2359568907	123456	524237	0.8495965511	0.0436434875	1.6555496148
A0R0S99	RA_GRP_S8	2.273807048	1.056602853	4.8932278356	123456	524238	0.8214555404	0.0550589059	1.5878521748
A0R0S99	RA_GRP_S8	2.2701341649	1.0491490546	4.9120848026	123456	524239	0.8198389332	0.0479794114	1.5916984551
A0R0S99	RA_GRP_S8	2.192382295	1.0467071409	4.5920582173	1234567	524230	0.7849887585	0.0456491802	1.5243283369
A0R0S99	RA_GRP_S8	2.2541975215	1.0765238319	4.7201987689	1234567	524231	0.8127940433	0.0737371759	1.5518509108
A0R0S99	RA_GRP_S8	2.3452412755	1.0914271071	5.0394172955	1234567	524232	0.8523882859	0.0874861124	1.6172904594
A0R0S99	RA_GRP_S8	1.6584880443	0.69821035	3.9394755364	1234567	524233	0.5059063706	-0.359234861	1.3710476019
A0R0S99	RA_GRP_S8	2.0328841131	0.8896902061	4.6450076542	1234567	524234	0.7094555301	-0.11688196	1.5357930201
A0R0S99	RA_GRP_S8	2.2152385082	1.0475358859	4.6845952621	1234567	524235	0.7953600763	0.0464406309	1.5442795218
A0R0S99	RA_GRP_S8	1.9790401689	0.9314883962	4.2046685777	1234567	524236	0.682611964	-0.070971546	1.4361954741
A0R0S99	RA_GRP_S8	2.200651435	0.9806707829	4.9383206096	1234567	524237	0.7887534234	-0.019518469	1.5970253158
A0R0S99	RA_GRP_S8	2.1176110103	1.0343170729	4.3354948966	1234567	524238	0.7502885713	0.033741376	1.4668357667
A0R0S99	RA_GRP_S8	2.0337539321	0.9817470296	4.2130558397	1234567	524239	0.709883313	-0.018421611	1.4381882371
A0R1S40	RA_GRP_S8	2.3989593789	1.1061583799	5.2026962925	123	524230	0.8750350512	0.1008930934	1.649177009
A0R1S40	RA_GRP_S8	2.4226709923	1.1281957509	5.2024081216	123	524231	0.8848706474	0.120619676	1.6491216187
A0R1S40	RA_GRP_S8	2.3509941818	1.0792180702	5.1214613579	123	524232	0.8548382948	0.0762367698	1.6334398198
A0R1S40	RA_GRP_S8	1.8914816512	0.8358304969	4.2804167233	123	524233	0.6373604644	-0.179329441	1.4540503701
A0R1S40	RA_GRP_S8	2.2195489233	0.9451532167	5.2122738789	123	524234	0.7973039875	-0.056408231	1.6510162056
A0R1S40	RA_GRP_S8	2.362787297	1.0823897371	5.1578129571	123	524235	0.8598419802	0.0791713162	1.6405126441
A0R1S40	RA_GRP_S8	2.2328239993	1.0448290423	4.7715968932	123	524236	0.8032671517	0.0438532761	1.5626810273
A0R1S40	RA_GRP_S8	2.3093016009	1.0114482188	5.2725130012	123	524237	0.8369451415	0.0113831839	1.6625070992
A0R1S40	RA_GRP_S8	2.3787247199	1.1071670452	5.1106391919	123	524238	0.8665645121	0.1018045413	1.6313244829
A0R1S40	RA_GRP_S8	2.2599712867	1.0735346193	4.7576204107	123	524239	0.8153521082	0.0709565869	1.5597476295
A0R1S40	RA_GRP_S8	2.223095097	1.0276274027	4.80928379	1234	524230	0.7989004127	0.0272526526	1.5705481728
A0R1S40	RA_GRP_S8	2.2348214525	1.0586177117	4.717875839	1234	524231	0.8041613379	0.0569640115	1.5513586642
A0R1S40	RA_GRP_S8	2.1851229497	1.0052801723	4.7496831596	1234	524232	0.7816720968	0.0052662811	1.5580779126
A0R1S40	RA_GRP_S8	1.7395733333	0.76563029	3.9524499247	1234	524233	0.5536398724	-0.267055876	1.3743356207
A0R1S40	RA_GRP_S8	2.0319790045	0.8788433879	4.6981506958	1234	524234	0.7090101972	-0.129148568	1.5471689623
A0R1S40	RA_GRP_S8	2.1999932504	1.0327278984	4.6865881222	1234	524235	0.7884542924	0.0322037463	1.5447048384
A0R1S40	RA_GRP_S8	2.0844986624	0.9780623476	4.4425947735	1234	524236	0.7345283767	-0.022181861	1.4912386142
A0R1S40	RA_GRP_S8	2.143912833	0.9460684931	4.8583821034	1234	524237	0.7626325861	-0.05544031	1.580705482
A0R1S40	RA_GRP_S8	2.1728234798	1.0218666899	4.620134819	1234	524238	0.7760274646	0.0216310428	1.5304238863
A0R1S40	RA_GRP_S8	2.0769059827	0.9772085478	4.4141431945	1234	524239	0.7308792779	-0.023055192	1.4848137483
A0R1S40	RA_GRP_S8	2.3653444003	1.0692967939	5.232274298	12345	524230	0.8609236351	0.0670012305	1.6548460398
A0R1S40	RA_GRP_S8	2.4059297441	1.119908455	5.1687242003	12345	524231	0.8779364168	0.1132469454	1.6426258883
A0R1S40	RA_GRP_S8	2.3730234948	1.0853803743	5.1882645386	12345	524232	0.8641648783	0.0819305009	1.6463992556
A0R1S40	RA_GRP_S8	1.8644032987	0.795207892	4.3711835547	12345	524233	0.6229410548	-0.229151699	1.4750338088
A0R1S40	RA_GRP_S8	2.2153205103	0.9311428395	5.2705608154	12345	524234	0.7953970929	-0.071342588	1.6621367735
A0R1S40	RA_GRP_S8	2.3097891566	1.0560298699	5.0520597002	12345	524235	0.8371562462	0.0545164708	1.6197960216
A0R1S40	RA_GRP_S8	2.218846714	1.0157212039	4.8470788258	12345	524236	0.7969875627	0.0155989059	1.5783762195
A0R1S40	RA_GRP_S8	2.3172621367	1.0201919353	5.2634250716	12345	524237	0.8403863753	0.0199907815	1.6607819691
A0R1S40	RA_GRP_S8	2.3271458042	1.067709322	5.0721741233	12345	524238	0.8446425399	0.0655155331	1.6237695468
A0R1S40	RA_GRP_S8	2.2300870565	1.0504732329	4.7343312741	12345	524239	0.8020406235	0.0492407607	1.5548404863
A0R1S40	RA_GRP_S8	2.2381974086	1.0768010943	4.6522311932	123456	524230	0.8056708136	0.0739946962	1.537346931
A0R1S40	RA_GRP_S8	2.2502718544	1.068069204	4.741006856	123456	524231	0.8110510331	0.0658525362	1.55624953
A0R1S40	RA_GRP_S8	2.3134281493	1.1031731328	4.8514142005	123456	524232	0.8387304717	0.0981906933	1.5792702502
A0R1S40	RA_GRP_S8	1.8457584373	0.7953528153	4.2834125223	123456	524233	0.6128902701	-0.22896947	1.4547500102
A0R1S40	RA_GRP_S8	2.0041733746	0.9040884119	4.4428297748	123456	524234	0.6952316938	-0.100828123	1.4912915101
A0R1S40	RA_GRP_S8	2.2719012238	1.0600179792	4.869290212	123456	524235	0.8206170245	0.0582858695	1.5829481795
A0R1S40	RA_GRP_S8	2.1335620435	0.9806501635	4.6419071378	123456	524236	0.7577929039	-0.019539495	1.5351253029
A0R1S40	RA_GRP_S8	2.2094474603	1.0073584869	4.8459988606	123456	524237	0.7927424663	0.0073315453	1.5781533873
A0R1S40	RA_GRP_S8	2.164414015	1.0173010817	4.6050162658	123456	524238	0.772149662	0.0171531221	1.5271462019
A0R1S40	RA_GRP_S8	2.1563507388	1.0133710537	4.5884954892	123456	524239	0.7684173202	0.0132824501	1.5235521902
A0R1S40	RA_GRP_S8	2.3019243887	1.0913210722	4.8554509084	1234567	524230	0.8337454638	0.0873889552	1.5801019725
A0R1S40	RA_GRP_S8	2.3082877598	1.0727066037	4.967054704	1234567	524231	0.8365060202	0.0701849908	1.6028270496
A0R1S40	RA_GRP_S8	2.3818793734	1.1457154729	4.9517960468	1234567	524232	0.8678898288	0.136029309	1.5997503485
A0R1S40	RA_GRP_S8	1.7938684726	0.7745622344	4.154558477	1234567	524233	0.5843744458	-0.255457268	1.4242061596
A0R1S40	RA_GRP_S8	1.9919922247	0.8867787502	4.4746595726	1234567	524234	0.6891352559	-0.120159764	1.4984302757
A0R1S40	RA_GRP_S8	2.2225817288	1.0501213242	4.7040941148	1234567	524235	0.7986694611	0.0489057044	1.5484332178
A0R1S40	RA_GRP_S8	2.194077361	1.0240145596	4.7010810744	1234567	524236	0.7857616215	0.0237307449	1.5477924981
A0R1S40	RA_GRP_S8	2.2621812393	1.0230273773	5.0022746926	1234567	524237	0.816329498	0.0227662484	1.6098927475
A0R1S40	RA_GRP_S8	2.2564466031	1.0703923491	4.7567149341	1234567	524238	0.8137912764	0.0680252627	1.5595572901
A0R1S40	RA_GRP_S8	2.1054381738	0.9983471601	4.4402088584	1234567	524239	0.7445236041	-0.001654207	1.4907014155
A0R1S99	RA_GRP_S8	2.398967903	1.1061583549	5.2027333827	123	524230	0.8750386044	0.1008930709	1.649184138
A0R1S99	RA_GRP_S8	2.4226849882	1.1281967871	5.2024634524	123	524231	0.8848764244	0.1206205945	1.6491322543
A0R1S99	RA_GRP_S8	2.351015693	1.0792245802	5.1215241854	123	524232	0.8548474446	0.0762428019	1.6334520872
A0R1S99	RA_GRP_S8	1.8914522043	0.8358022998	4.2804278501	123	524233	0.6373448961	-0.179363177	1.4540529696
A0R1S99	RA_GRP_S8	2.2195702494	0.9451493737	5.2123952355	123	524234	0.7973135958	-0.056412297	1.6510394882
A0R1S99	RA_GRP_S8	2.3627986024	1.0823933173	5.1578452548	123	524235	0.8598467649	0.0791746239	1.640518906
A0R1S99	RA_GRP_S8	2.232841938	1.0448288959	4.7716742328	123	524236	0.8032751858	0.043853136	1.5626972355
A0R1S99	RA_GRP_S8	2.3093204601	1.0114484258	5.2725980402	123	524237	0.8369533082	0.0113833885	1.6625232278
A0R1S99	RA_GRP_S8	2.3787689935	1.1071682664	5.1108237983	123	524238	0.8665831242	0.1018056443	1.6313606042
A0R1S99	RA_GRP_S8	2.2493701129	1.0660527596	4.7461683854	123	524239	0.8106502272	0.0639628176	1.5573376368
A0R1S99	RA_GRP_S8	2.2231185153	1.0276335576	4.8093563083	1234	524230	0.7989109468	0.027258642	1.5705632515
A0R1S99	RA_GRP_S8	2.2348431658	1.0586261898	4.7179297318	1234	524231	0.8041710537	0.0569720202	1.5513700872
A0R1S99	RA_GRP_S8	2.185123934	1.0052789778	4.7496930825	1234	524232	0.7816725473	0.0052650929	1.5580800017
A0R1S99	RA_GRP_S8	1.7395791994	0.7656312775	3.9524714832	1234	524233	0.5536432445	-0.267054586	1.3743410752
A0R1S99	RA_GRP_S8	2.031987294	0.8788455203	4.6981776293	1234	524234	0.7090142768	-0.129146142	1.5471746951
A0R1S99	RA_GRP_S8	2.1999968245	1.0327284223	4.6866009719	1234	524235	0.7884559169	0.0322042537	1.5447075802
A0R1S99	RA_GRP_S8	2.0845181236	0.9780592327	4.442691876	1234	524236	0.7345377127	-0.022185046	1.4912604711
A0R1S99	RA_GRP_S8	2.1438294326	0.9461071836	4.8578054534	1234	524237	0.7625936844	-0.055399414	1.5805867831
A0R1S99	RA_GRP_S8	2.1728366807	1.0218691977	4.6201796192	1234	524238	0.77603354	0.021633497	1.530433583
A0R1S99	RA_GRP_S8	2.0769109249	0.977207883	4.4141672053	1234	524239	0.7308816575	-0.023055873	1.4848191878
A0R1S99	RA_GRP_S8	2.3653444003	1.0692967939	5.232274298	12345	524230	0.8609236351	0.0670012305	1.6548460398
A0R1S99	RA_GRP_S8	2.4059297441	1.119908455	5.1687242003	12345	524231	0.8779364168	0.1132469454	1.6426258883
A0R1S99	RA_GRP_S8	2.3730234948	1.0853803743	5.1882645386	12345	524232	0.8641648783	0.0819305009	1.6463992556
A0R1S99	RA_GRP_S8	1.8644032987	0.795207892	4.3711835547	12345	524233	0.6229410548	-0.229151699	1.4750338088
A0R1S99	RA_GRP_S8	2.2153205103	0.9311428395	5.2705608154	12345	524234	0.7953970929	-0.071342588	1.6621367735
A0R1S99	RA_GRP_S8	2.3097891566	1.0560298699	5.0520597002	12345	524235	0.8371562462	0.0545164708	1.6197960216
A0R1S99	RA_GRP_S8	2.218846714	1.0157212039	4.8470788258	12345	524236	0.7969875627	0.0155989059	1.5783762195
A0R1S99	RA_GRP_S8	2.3172621367	1.0201919353	5.2634250716	12345	524237	0.8403863753	0.0199907815	1.6607819691
A0R1S99	RA_GRP_S8	2.3271458042	1.067709322	5.0721741233	12345	524238	0.8446425399	0.0655155331	1.6237695468
A0R1S99	RA_GRP_S8	2.2300870565	1.0504732329	4.7343312741	12345	524239	0.8020406235	0.0492407607	1.5548404863
A0R1S99	RA_GRP_S8	2.8230220264	1.265169899	6.299117113	123456	524230	1.0378079517	0.2352064207	1.8404094828
A0R1S99	RA_GRP_S8	2.6270739963	1.2037818228	5.7331965407	123456	524231	0.9658706779	0.1854681201	1.7462732357
A0R1S99	RA_GRP_S8	2.7535716913	1.25783384	6.027948063	123456	524232	1.0128988658	0.2293910669	1.7964066648
A0R1S99	RA_GRP_S8	2.2242297946	0.9404780947	5.260301337	123456	524233	0.799410696	-0.061366922	1.6601883135
A0R1S99	RA_GRP_S8	2.5191151358	1.0996438637	5.7709057237	123456	524234	0.9239077033	0.0949863671	1.7528290394
A0R1S99	RA_GRP_S8	2.7716161914	1.2481876378	6.1544082634	123456	524235	1.0194306127	0.2216926095	1.8171686158
A0R1S99	RA_GRP_S8	2.632904552	1.2087964271	5.7347839756	123456	524236	0.9680876292	0.1896251763	1.7465500821
A0R1S99	RA_GRP_S8	2.8807239583	1.2711849001	6.5282167236	123456	524237	1.058041637	0.2399494577	1.8761338162
A0R1S99	RA_GRP_S8	2.7404898223	1.253100242	5.9933628724	123456	524238	1.0081366717	0.2256206743	1.790652669
A0R1S99	RA_GRP_S8	2.7213904646	1.2424608026	5.9607241093	123456	524239	1.0011429499	0.2170939313	1.7851919685
A0R1S99	RA_GRP_S8	2.7559775799	1.2623305335	6.0169759183	1234567	524230	1.0137722181	0.2329596423	1.7945847939
A0R1S99	RA_GRP_S8	2.6550481715	1.2227136174	5.7652754434	1234567	524231	0.9764627982	0.2010726653	1.7518529311
A0R1S99	RA_GRP_S8	2.8761914415	1.2614549919	6.5578853477	1234567	524232	1.0564670028	0.2322658102	1.8806681955
A0R1S99	RA_GRP_S8	2.2683033608	0.9494596593	5.4190824079	1234567	524233	0.8190321339	-0.051862236	1.6899265037
A0R1S99	RA_GRP_S8	2.4227349835	1.0809587901	5.4300356812	1234567	524234	0.8848970605	0.0778484159	1.691945705
A0R1S99	RA_GRP_S8	2.7517595599	1.2264716698	6.1739548189	1234567	524235	1.012240547	0.204141486	1.8203396081
A0R1S99	RA_GRP_S8	2.6509289808	1.1961494999	5.8750385813	1234567	524236	0.9749101374	0.1791076477	1.770712627
A0R1S99	RA_GRP_S8	2.9333450665	1.2676704163	6.7876580286	1234567	524237	1.0761434327	0.2371808982	1.9151059673
A0R1S99	RA_GRP_S8	2.6595998438	1.2424213132	5.6932952246	1234567	524238	0.9781756768	0.2170621475	1.7392892061
A0R1S99	RA_GRP_S8	2.7135868195	1.1853190515	6.2122965268	1234567	524239	0.9982713094	0.1700119801	1.8265306387
A1R0S40	RA_GRP_S8	2.4081565583	1.1117073375	5.2164970168	123	524230	0.8788615412	0.1058969755	1.651826107
A1R0S40	RA_GRP_S8	2.4402801189	1.1394381298	5.2262311602	123	524231	0.8921128356	0.1305352723	1.6536903988
A1R0S40	RA_GRP_S8	2.3295609987	1.0827686061	5.0120168022	123	524232	0.8456798373	0.0795212851	1.6118383894
A1R0S40	RA_GRP_S8	1.8658146903	0.8259890031	4.2146619936	123	524233	0.623697789	-0.191173819	1.4385693969
A1R0S40	RA_GRP_S8	2.2209107094	0.9449686101	5.2196912429	123	524234	0.7979173412	-0.056603569	1.6524382513
A1R0S40	RA_GRP_S8	2.3593690408	1.0771126656	5.1680965683	123	524235	0.8583942277	0.0742840033	1.6425044521
A1R0S40	RA_GRP_S8	2.2324095602	1.0475264437	4.7575433293	123	524236	0.8030815224	0.0464316171	1.5597314277
A1R0S40	RA_GRP_S8	2.299646492	1.0055129215	5.2593794424	123	524237	0.832755412	0.0054977809	1.6600130431
A1R0S40	RA_GRP_S8	2.3595854262	1.1035093972	5.0453973459	123	524238	0.8584859367	0.0984954625	1.618476411
A1R0S40	RA_GRP_S8	2.2768013715	1.0815694466	4.7928725256	123	524239	0.8227715507	0.0784131776	1.5671299239
A1R0S40	RA_GRP_S8	2.223095097	1.0276274027	4.80928379	1234	524230	0.7989004127	0.0272526526	1.5705481728
A1R0S40	RA_GRP_S8	2.2348214525	1.0586177117	4.717875839	1234	524231	0.8041613379	0.0569640115	1.5513586642
A1R0S40	RA_GRP_S8	2.1851229497	1.0052801723	4.7496831596	1234	524232	0.7816720968	0.0052662811	1.5580779126
A1R0S40	RA_GRP_S8	1.7395733333	0.76563029	3.9524499247	1234	524233	0.5536398724	-0.267055876	1.3743356207
A1R0S40	RA_GRP_S8	2.0319790045	0.8788433879	4.6981506958	1234	524234	0.7090101972	-0.129148568	1.5471689623
A1R0S40	RA_GRP_S8	2.1999932504	1.0327278984	4.6865881222	1234	524235	0.7884542924	0.0322037463	1.5447048384
A1R0S40	RA_GRP_S8	2.0844986624	0.9780623476	4.4425947735	1234	524236	0.7345283767	-0.022181861	1.4912386142
A1R0S40	RA_GRP_S8	2.143912833	0.9460684931	4.8583821034	1234	524237	0.7626325861	-0.05544031	1.580705482
A1R0S40	RA_GRP_S8	2.1728234798	1.0218666899	4.620134819	1234	524238	0.7760274646	0.0216310428	1.5304238863
A1R0S40	RA_GRP_S8	2.0769059827	0.9772085478	4.4141431945	1234	524239	0.7308792779	-0.023055192	1.4848137483
A1R0S40	RA_GRP_S8	2.3653444003	1.0692967939	5.232274298	12345	524230	0.8609236351	0.0670012305	1.6548460398
A1R0S40	RA_GRP_S8	2.4059297441	1.119908455	5.1687242003	12345	524231	0.8779364168	0.1132469454	1.6426258883
A1R0S40	RA_GRP_S8	2.3730234948	1.0853803743	5.1882645386	12345	524232	0.8641648783	0.0819305009	1.6463992556
A1R0S40	RA_GRP_S8	1.8644032987	0.795207892	4.3711835547	12345	524233	0.6229410548	-0.229151699	1.4750338088
A1R0S40	RA_GRP_S8	2.2153205103	0.9311428395	5.2705608154	12345	524234	0.7953970929	-0.071342588	1.6621367735
A1R0S40	RA_GRP_S8	2.3097891566	1.0560298699	5.0520597002	12345	524235	0.8371562462	0.0545164708	1.6197960216
A1R0S40	RA_GRP_S8	2.218846714	1.0157212039	4.8470788258	12345	524236	0.7969875627	0.0155989059	1.5783762195
A1R0S40	RA_GRP_S8	2.3172621367	1.0201919353	5.2634250716	12345	524237	0.8403863753	0.0199907815	1.6607819691
A1R0S40	RA_GRP_S8	2.3271458042	1.067709322	5.0721741233	12345	524238	0.8446425399	0.0655155331	1.6237695468
A1R0S40	RA_GRP_S8	2.2300870565	1.0504732329	4.7343312741	12345	524239	0.8020406235	0.0492407607	1.5548404863
A1R0S40	RA_GRP_S8	2.2366778418	1.0669372711	4.6888677559	123456	524230	0.8049916587	0.0647921806	1.5451911367
A1R0S40	RA_GRP_S8	2.1979396447	1.0398935274	4.6456089537	123456	524231	0.7875203964	0.0391183304	1.5359224624
A1R0S40	RA_GRP_S8	2.3444213778	1.0779943404	5.0986460603	123456	524232	0.8520386242	0.0751022224	1.6289750261
A1R0S40	RA_GRP_S8	1.8301302439	0.7512433534	4.458444384	123456	524233	0.6043871359	-0.286025641	1.4947999124
A1R0S40	RA_GRP_S8	2.0606682312	0.924850128	4.5913964117	123456	524234	0.7230303143	-0.078123578	1.5241842069
A1R0S40	RA_GRP_S8	2.3311949675	1.1046516209	4.9196234122	123456	524235	0.8463809977	0.0995300101	1.5932319853
A1R0S40	RA_GRP_S8	2.1549699579	0.9887062333	4.6969416831	123456	524236	0.7677767828	-0.011358026	1.5469115912
A1R0S40	RA_GRP_S8	2.2628152116	1.034935881	4.9474878355	123456	524237	0.8166097069	0.0343394741	1.5988799398
A1R0S40	RA_GRP_S8	2.2159030473	1.0532038394	4.6621804169	123456	524238	0.7956600167	0.0518367941	1.5394832393
A1R0S40	RA_GRP_S8	2.1495706084	0.9868699059	4.6821306163	123456	524239	0.7652681052	-0.013217056	1.5437532662
A1R0S40	RA_GRP_S8	2.2948257114	1.0610776712	4.9630910055	1234567	524230	0.8306568979	0.0592850626	1.6020287332
A1R0S40	RA_GRP_S8	2.238436483	1.064541208	4.7068144011	1234567	524231	0.8057776235	0.0625439158	1.5490113312
A1R0S40	RA_GRP_S8	2.356814615	1.1158531884	4.9778727052	1234567	524232	0.8573109679	0.1096193037	1.6050026321
A1R0S40	RA_GRP_S8	1.7972243465	0.7551170428	4.2775029153	1234567	524233	0.586243445	-0.280882518	1.4533694083
A1R0S40	RA_GRP_S8	1.9875712318	0.8755158819	4.5121276303	1234567	524234	0.6869134068	-0.132941987	1.5067688007
A1R0S40	RA_GRP_S8	2.239346056	1.0645649596	4.710535241	1234567	524235	0.8061838839	0.062566227	1.5498015408
A1R0S40	RA_GRP_S8	2.183655743	1.0085851304	4.727763934	1234567	524236	0.7810004186	0.0085484877	1.5534523495
A1R0S40	RA_GRP_S8	2.2587475773	1.0147349933	5.027855205	1234567	524237	0.8148104903	0.0146274881	1.6149934926
A1R0S40	RA_GRP_S8	2.254183006	1.0892406896	4.6650304867	1234567	524238	0.812787604	0.0854808385	1.5400943695
A1R0S40	RA_GRP_S8	2.142961385	0.9871916097	4.6518664185	1234567	524239	0.7621886972	-0.012891125	1.5372685194
A1R0S99	RA_GRP_S8	2.3349838197	1.0806439942	5.0452780631	123	524230	0.8480049616	0.0775571544	1.6184527689
A1R0S99	RA_GRP_S8	2.3910579852	1.1164080645	5.121029192	123	524231	0.8717359396	0.1101164463	1.6333554329
A1R0S99	RA_GRP_S8	2.2964285582	1.0675812593	4.9397496227	123	524232	0.8313551153	0.0653955844	1.5973146463
A1R0S99	RA_GRP_S8	1.846442837	0.8110756113	4.2034936111	123	524233	0.6132609973	-0.209393997	1.4359159917
A1R0S99	RA_GRP_S8	2.1661379501	0.9276256391	5.0582405455	123	524234	0.7729458354	-0.075127034	1.6210187046
A1R0S99	RA_GRP_S8	2.3039926753	1.060747964	5.0043765609	123	524235	0.8346435637	0.0589742857	1.6103128417
A1R0S99	RA_GRP_S8	2.18178431	1.0300240969	4.6214285566	123	524236	0.7801430328	0.029582197	1.5307038687
A1R0S99	RA_GRP_S8	2.2310570919	0.9729486357	5.1160108199	123	524237	0.8024755054	-0.027423988	1.6323749986
A1R0S99	RA_GRP_S8	2.3044234882	1.0783881473	4.9243564354	123	524238	0.8348305316	0.0754674701	1.5941935931
A1R0S99	RA_GRP_S8	2.21371782	1.0569532411	4.6364838065	123	524239	0.7946733736	0.0553904685	1.5339562786
A1R0S99	RA_GRP_S8	2.2231263027	1.0276367958	4.8093748469	1234	524230	0.7989144497	0.0272617932	1.5705671062
A1R0S99	RA_GRP_S8	2.2348040448	1.0586497091	4.7176597466	1234	524231	0.8041535485	0.0569942368	1.5513128602
A1R0S99	RA_GRP_S8	2.1850834241	1.0052841673	4.7494924575	1234	524232	0.7816540082	0.0052702551	1.5580377613
A1R0S99	RA_GRP_S8	1.7395884631	0.7656302755	3.9525187519	1234	524233	0.5536485698	-0.267055895	1.3743530344
A1R0S99	RA_GRP_S8	2.031992614	0.878847363	4.6981923793	1234	524234	0.7090168949	-0.129144045	1.5471778346
A1R0S99	RA_GRP_S8	2.1999951255	1.0327272672	4.6865989755	1234	524235	0.7884551447	0.0322031351	1.5447071543
A1R0S99	RA_GRP_S8	2.0845189545	0.978062504	4.4426805583	1234	524236	0.7345381113	-0.022181701	1.4912579236
A1R0S99	RA_GRP_S8	2.1438671547	0.9461086489	4.8579688837	1234	524237	0.7626112799	-0.055397866	1.5806204254
A1R0S99	RA_GRP_S8	2.1728634829	1.0218671007	4.6203030827	1234	524238	0.7760458751	0.0216314449	1.5304603052
A1R0S99	RA_GRP_S8	2.076914855	0.977209512	4.4141765526	1234	524239	0.7308835498	-0.023054206	1.4848213054
A1R0S99	RA_GRP_S8	2.3653444003	1.0692967939	5.232274298	12345	524230	0.8609236351	0.0670012305	1.6548460398
A1R0S99	RA_GRP_S8	2.4059297441	1.119908455	5.1687242003	12345	524231	0.8779364168	0.1132469454	1.6426258883
A1R0S99	RA_GRP_S8	2.3730234948	1.0853803743	5.1882645386	12345	524232	0.8641648783	0.0819305009	1.6463992556
A1R0S99	RA_GRP_S8	1.8644032987	0.795207892	4.3711835547	12345	524233	0.6229410548	-0.229151699	1.4750338088
A1R0S99	RA_GRP_S8	2.2153205103	0.9311428395	5.2705608154	12345	524234	0.7953970929	-0.071342588	1.6621367735
A1R0S99	RA_GRP_S8	2.3097891566	1.0560298699	5.0520597002	12345	524235	0.8371562462	0.0545164708	1.6197960216
A1R0S99	RA_GRP_S8	2.218846714	1.0157212039	4.8470788258	12345	524236	0.7969875627	0.0155989059	1.5783762195
A1R0S99	RA_GRP_S8	2.3172621367	1.0201919353	5.2634250716	12345	524237	0.8403863753	0.0199907815	1.6607819691
A1R0S99	RA_GRP_S8	2.3271458042	1.067709322	5.0721741233	12345	524238	0.8446425399	0.0655155331	1.6237695468
A1R0S99	RA_GRP_S8	2.2300870565	1.0504732329	4.7343312741	12345	524239	0.8020406235	0.0492407607	1.5548404863
A1R0S99	RA_GRP_S8	2.7895613083	1.2664610957	6.1444068985	123456	524230	1.0258843463	0.236226472	1.8155422206
A1R0S99	RA_GRP_S8	2.5855309279	1.1809353009	5.6607421037	123456	524231	0.9499308749	0.1663067524	1.7335549973
A1R0S99	RA_GRP_S8	2.7023715518	1.2257435995	5.9578626452	123456	524232	0.99412974	0.2035476799	1.7847118002
A1R0S99	RA_GRP_S8	2.1438166009	0.893783737	5.1421271475	123456	524233	0.7625876989	-0.112291438	1.6374668358
A1R0S99	RA_GRP_S8	2.4498490958	1.0780103954	5.5674422232	123456	524234	0.8960264291	0.0751171156	1.7169357426
A1R0S99	RA_GRP_S8	2.6873613954	1.2232525036	5.9038597907	123456	524235	0.9885598183	0.2015132978	1.7756063388
A1R0S99	RA_GRP_S8	2.5719219845	1.1770964537	5.6195757564	123456	524236	0.9446534733	0.1630507737	1.7262561729
A1R0S99	RA_GRP_S8	2.7781267734	1.2042091711	6.4091758761	123456	524237	1.0217768781	0.185823062	1.8577306942
A1R0S99	RA_GRP_S8	2.6551213689	1.2118086948	5.8174772251	123456	524238	0.976490367	0.1921140326	1.7608667013
A1R0S99	RA_GRP_S8	2.6750451917	1.2351675555	5.7934381017	123456	524239	0.9839662743	0.2112066333	1.7567259153
A1R0S99	RA_GRP_S8	2.7087536686	1.2300582839	5.9650396518	1234567	524230	0.9964886282	0.2070615535	1.7859157029
A1R0S99	RA_GRP_S8	2.5114369447	1.1873283333	5.3121915401	1234567	524231	0.9208550773	0.171705685	1.6700044695
A1R0S99	RA_GRP_S8	2.6619149512	1.2495510277	5.6706697447	1234567	524232	0.9790457702	0.222784309	1.7353072315
A1R0S99	RA_GRP_S8	2.2544511828	0.9338633247	5.4424989194	1234567	524233	0.8129065654	-0.068425185	1.6942383156
A1R0S99	RA_GRP_S8	2.4109781962	1.0767473019	5.3984958701	1234567	524234	0.8800325557	0.0739447392	1.6861203722
A1R0S99	RA_GRP_S8	2.5810880099	1.1598456082	5.7438811402	1234567	524235	0.9482110193	0.1482868999	1.7481351387
A1R0S99	RA_GRP_S8	2.5644108597	1.1599278946	5.6694929818	1234567	524236	0.9417287679	0.1483578433	1.7350996925
A1R0S99	RA_GRP_S8	2.7775612511	1.2285740674	6.2795127362	1234567	524237	1.0215732949	0.2058542021	1.8372923877
A1R0S99	RA_GRP_S8	2.6157408476	1.2180901678	5.6170720057	1234567	524238	0.9615473643	0.1972841959	1.7258105327
A1R0S99	RA_GRP_S8	2.6118565686	1.2106638488	5.6347554621	1234567	524239	0.9600612974	0.1911688446	1.7289537503
A1R1S40	RA_GRP_S8	2.4082017404	1.1117082642	5.2166884147	123	524230	0.8788803032	0.1058978091	1.6518627973
A1R1S40	RA_GRP_S8	2.4403347714	1.1394402107	5.2264557109	123	524231	0.8921352313	0.1305370985	1.653733364
A1R1S40	RA_GRP_S8	2.3296211096	1.0827814846	5.0122158453	123	524232	0.8457056404	0.0795331791	1.6118781018
A1R1S40	RA_GRP_S8	1.8657959116	0.8259584618	4.2147329979	123	524233	0.6236877243	-0.191210795	1.4385862437
A1R1S40	RA_GRP_S8	2.2209503021	0.9449622588	5.2199124342	123	524234	0.7979351683	-0.05661029	1.6524806267
A1R1S40	RA_GRP_S8	2.3594218449	1.0771073554	5.1683533811	123	524235	0.858416608	0.0742790732	1.6425541428
A1R1S40	RA_GRP_S8	2.2324513435	1.0475274867	4.7577166849	123	524236	0.8031002389	0.0464326127	1.5597678651
A1R1S40	RA_GRP_S8	2.2996349015	1.0055433785	5.2591671262	123	524237	0.8327503719	0.0055280705	1.6599726732
A1R1S40	RA_GRP_S8	2.3596814634	1.1035203117	5.0457581521	123	524238	0.8585266368	0.0985053532	1.6185479204
A1R1S40	RA_GRP_S8	2.276831583	1.0815697057	4.7929985743	123	524239	0.8227848199	0.0784134171	1.5671562227
A1R1S40	RA_GRP_S8	2.2231231931	1.0276348902	4.8093703114	1234	524230	0.798913051	0.0272599388	1.5705661632
A1R1S40	RA_GRP_S8	2.2348107754	1.0586493642	4.7176897003	1234	524231	0.8041565602	0.0569939109	1.5513192095
A1R1S40	RA_GRP_S8	2.1850821749	1.0052855594	4.7494804501	1234	524232	0.7816534365	0.0052716398	1.5580352331
A1R1S40	RA_GRP_S8	1.7395812378	0.7656303411	3.9524855801	1234	524233	0.5536444163	-0.267055809	1.3743446418
A1R1S40	RA_GRP_S8	2.0319897551	0.8788460706	4.6981860681	1234	524234	0.7090154879	-0.129145515	1.5471764913
A1R1S40	RA_GRP_S8	2.2000087235	1.032725104	4.6866667272	1234	524235	0.7884613256	0.0322010405	1.5447216106
A1R1S40	RA_GRP_S8	2.0845278828	0.9780613009	4.442724081	1234	524236	0.7345423945	-0.022182931	1.4912677201
A1R1S40	RA_GRP_S8	2.143823919	0.9461018789	4.8578077035	1234	524237	0.7625911125	-0.055405021	1.5805872463
A1R1S40	RA_GRP_S8	2.1728615302	1.0218676581	4.6202922579	1234	524238	0.7760449764	0.0216319904	1.5304579624
A1R1S40	RA_GRP_S8	2.0769130625	0.9772103015	4.4141653668	1234	524239	0.7308826868	-0.023053398	1.4848187713
A1R1S40	RA_GRP_S8	2.3653444003	1.0692967939	5.232274298	12345	524230	0.8609236351	0.0670012305	1.6548460398
A1R1S40	RA_GRP_S8	2.4059297441	1.119908455	5.1687242003	12345	524231	0.8779364168	0.1132469454	1.6426258883
A1R1S40	RA_GRP_S8	2.3730234948	1.0853803743	5.1882645386	12345	524232	0.8641648783	0.0819305009	1.6463992556
A1R1S40	RA_GRP_S8	1.8644032987	0.795207892	4.3711835547	12345	524233	0.6229410548	-0.229151699	1.4750338088
A1R1S40	RA_GRP_S8	2.2153205103	0.9311428395	5.2705608154	12345	524234	0.7953970929	-0.071342588	1.6621367735
A1R1S40	RA_GRP_S8	2.3097891566	1.0560298699	5.0520597002	12345	524235	0.8371562462	0.0545164708	1.6197960216
A1R1S40	RA_GRP_S8	2.218846714	1.0157212039	4.8470788258	12345	524236	0.7969875627	0.0155989059	1.5783762195
A1R1S40	RA_GRP_S8	2.3172621367	1.0201919353	5.2634250716	12345	524237	0.8403863753	0.0199907815	1.6607819691
A1R1S40	RA_GRP_S8	2.3271458042	1.067709322	5.0721741233	12345	524238	0.8446425399	0.0655155331	1.6237695468
A1R1S40	RA_GRP_S8	2.2300870565	1.0504732329	4.7343312741	12345	524239	0.8020406235	0.0492407607	1.5548404863
A1R1S40	RA_GRP_S8	2.1891030652	1.0271243018	4.6656205304	123456	524230	0.7834919007	0.0267629575	1.5402208438
A1R1S40	RA_GRP_S8	2.1455161507	1.0115119275	4.550850492	123456	524231	0.7633801531	0.0114461695	1.5153141368
A1R1S40	RA_GRP_S8	2.2726245752	1.0522072209	4.9085601744	123456	524232	0.8209353641	0.050890073	1.5909806553
A1R1S40	RA_GRP_S8	1.7537356646	0.720068622	4.2712439999	123456	524233	0.5617481783	-0.328408763	1.4519051197
A1R1S40	RA_GRP_S8	1.9937584551	0.8853223343	4.4899723224	123456	524234	0.6900215283	-0.121803481	1.5018465375
A1R1S40	RA_GRP_S8	2.2555489509	1.0623623399	4.7888567572	123456	524235	0.8133933805	0.060495051	1.5662917101
A1R1S40	RA_GRP_S8	2.1115056831	0.9716134125	4.5887141862	123456	524236	0.7474012869	-0.028797277	1.5235998511
A1R1S40	RA_GRP_S8	2.2256701214	0.9926035741	4.990519497	123456	524237	0.8000580484	-0.007423915	1.607540012
A1R1S40	RA_GRP_S8	2.1754757645	1.026984811	4.608339628	123456	524238	0.7772473829	0.0266271412	1.5278676247
A1R1S40	RA_GRP_S8	2.1152286002	0.9919319095	4.5105838296	123456	524239	0.7491628918	-0.008100814	1.5064265974
A1R1S40	RA_GRP_S8	2.1855915569	1.0040935683	4.7573359736	1234567	524230	0.7818865273	0.0040852125	1.5596878422
A1R1S40	RA_GRP_S8	2.1490142324	1.0231491684	4.5137721004	1234567	524231	0.7650092404	0.022885291	1.5071331898
A1R1S40	RA_GRP_S8	2.2406856522	1.0526589977	4.7695143466	1234567	524232	0.8067819137	0.0513193419	1.5622444856
A1R1S40	RA_GRP_S8	1.712194901	0.7274524808	4.0299695942	1234567	524233	0.5377761153	-0.318206601	1.3937588311
A1R1S40	RA_GRP_S8	1.9195466974	0.8556882717	4.3060769268	1234567	524234	0.6520890631	-0.155849138	1.4600272638
A1R1S40	RA_GRP_S8	2.1113637233	0.9932895218	4.4879732184	1234567	524235	0.7473340531	-0.006733095	1.5014012008
A1R1S40	RA_GRP_S8	2.0889287274	0.9522875464	4.5822537999	1234567	524236	0.7366513639	-0.048888245	1.5221909731
A1R1S40	RA_GRP_S8	2.136842388	0.9501503433	4.8056556771	1234567	524237	0.7593292198	-0.051135051	1.5697934904
A1R1S40	RA_GRP_S8	2.129090591	1.0318599894	4.3930637795	1234567	524238	0.755694936	0.0313629886	1.4800268833
A1R1S40	RA_GRP_S8	2.0560963994	0.9363594063	4.5148608267	1234567	524239	0.7208092333	-0.065755895	1.5073743617
A1R1S99	RA_GRP_S8	2.3621233896	1.0910764163	5.113873625	123	524230	0.8595609559	0.0871647468	1.631957165
A1R1S99	RA_GRP_S8	2.4600776387	1.1524601025	5.2513592229	123	524231	0.9001929099	0.1418988771	1.6584869427
A1R1S99	RA_GRP_S8	2.3078200678	1.0799820238	4.9315945525	123	524232	0.8363033854	0.0769443964	1.5956623744
A1R1S99	RA_GRP_S8	1.857182463	0.807715907	4.2702225757	123	524233	0.6190605344	-0.213544883	1.4516659513
A1R1S99	RA_GRP_S8	2.1938855142	0.9392330187	5.1245362477	123	524234	0.7856741792	-0.062691674	1.6340400327
A1R1S99	RA_GRP_S8	2.333628155	1.0794667802	5.0449170515	123	524235	0.8474242046	0.0764671972	1.6183812119
A1R1S99	RA_GRP_S8	2.1836889448	1.0344752526	4.6095809403	123	524236	0.7810156232	0.0338942958	1.5281369506
A1R1S99	RA_GRP_S8	2.3090108192	1.0221891337	5.2157969473	123	524237	0.836819216	0.021946537	1.651691895
A1R1S99	RA_GRP_S8	2.3373315118	1.0980612452	4.9752403339	123	524238	0.8490098991	0.0935461204	1.6044736778
A1R1S99	RA_GRP_S8	2.2461274909	1.0746378802	4.6946872042	123	524239	0.8092076182	0.0719837492	1.5464314873
A1R1S99	RA_GRP_S8	2.2231263027	1.0276367958	4.8093748469	1234	524230	0.7989144497	0.0272617932	1.5705671062
A1R1S99	RA_GRP_S8	2.2348040448	1.0586497091	4.7176597466	1234	524231	0.8041535485	0.0569942368	1.5513128602
A1R1S99	RA_GRP_S8	2.1850834241	1.0052841673	4.7494924575	1234	524232	0.7816540082	0.0052702551	1.5580377613
A1R1S99	RA_GRP_S8	1.7395884631	0.7656302755	3.9525187519	1234	524233	0.5536485698	-0.267055895	1.3743530344
A1R1S99	RA_GRP_S8	2.031992614	0.878847363	4.6981923793	1234	524234	0.7090168949	-0.129144045	1.5471778346
A1R1S99	RA_GRP_S8	2.1999951255	1.0327272672	4.6865989755	1234	524235	0.7884551447	0.0322031351	1.5447071543
A1R1S99	RA_GRP_S8	2.0845189545	0.978062504	4.4426805583	1234	524236	0.7345381113	-0.022181701	1.4912579236
A1R1S99	RA_GRP_S8	2.1438671547	0.9461086489	4.8579688837	1234	524237	0.7626112799	-0.055397866	1.5806204254
A1R1S99	RA_GRP_S8	2.1728634829	1.0218671007	4.6203030827	1234	524238	0.7760458751	0.0216314449	1.5304603052
A1R1S99	RA_GRP_S8	2.076914855	0.977209512	4.4141765526	1234	524239	0.7308835498	-0.023054206	1.4848213054
A1R1S99	RA_GRP_S8	2.1553851878	1.0041878742	4.6263108996	12345	524230	0.767969449	0.0041791295	1.5317597686
A1R1S99	RA_GRP_S8	2.3077696619	1.0918130652	4.8779420049	12345	524231	0.8362815438	0.087839677	1.5847234106
A1R1S99	RA_GRP_S8	2.2587497492	1.0438045698	4.8878406716	12345	524232	0.8148114519	0.0428722783	1.5867506255
A1R1S99	RA_GRP_S8	1.8327369654	0.7880726324	4.2622020439	12345	524233	0.6058104591	-0.23816502	1.4497859385
A1R1S99	RA_GRP_S8	2.0954798027	0.9333669291	4.704511663	12345	524234	0.7397825499	-0.068956877	1.5485219766
A1R1S99	RA_GRP_S8	2.1307957236	0.9910271933	4.581398418	12345	524235	0.7564954891	-0.009013305	1.522004283
A1R1S99	RA_GRP_S8	2.0334495431	0.9212101452	4.4885708934	12345	524236	0.7097336332	-0.082067098	1.5015343645
A1R1S99	RA_GRP_S8	2.1567636606	0.9660080101	4.8153115076	12345	524237	0.7686087928	-0.034583153	1.5718007384
A1R1S99	RA_GRP_S8	2.1753781951	1.0209421632	4.6351991934	12345	524238	0.7772025322	0.0207258904	1.533679174
A1R1S99	RA_GRP_S8	2.1449936449	1.0200634351	4.5105015809	12345	524239	0.7631365896	0.0198648167	1.5064083626
A1R1S99	RA_GRP_S8	2.7895856107	1.2664772605	6.1444355315	123456	524230	1.0258930582	0.2362392357	1.8155468806
A1R1S99	RA_GRP_S8	2.5855602485	1.1809513297	5.6607936591	123456	524231	0.949942215	0.1663203253	1.7335641048
A1R1S99	RA_GRP_S8	2.702300944	1.2257130344	5.9576998751	123456	524232	0.9941036116	0.2035227435	1.7846844796
A1R1S99	RA_GRP_S8	2.1437690421	0.8937944136	5.1418375816	123456	524233	0.7625655145	-0.112279493	1.6374105217
A1R1S99	RA_GRP_S8	2.4497988152	1.0779995633	5.567269635	123456	524234	0.896005905	0.0751070674	1.7169047425
A1R1S99	RA_GRP_S8	2.6874841771	1.2232618836	5.9043540054	123456	524235	0.9886055058	0.2015209659	1.7756900458
A1R1S99	RA_GRP_S8	2.571941808	1.1771003519	5.6196437734	123456	524236	0.9446611809	0.1630540854	1.7262682764
A1R1S99	RA_GRP_S8	2.7781270328	1.204208816	6.4091789625	123456	524237	1.0217769714	0.1858227671	1.8577311758
A1R1S99	RA_GRP_S8	2.6551266611	1.2118174366	5.8174584501	123456	524238	0.9764923602	0.1921212464	1.7608634739
A1R1S99	RA_GRP_S8	2.6750539016	1.2351924128	5.7933592386	123456	524239	0.9839695303	0.2112267578	1.7567123027
A1R1S99	RA_GRP_S8	2.6926720217	1.2067504619	6.0082700156	1234567	524230	0.9905340172	0.1879311783	1.7931368561
A1R1S99	RA_GRP_S8	2.5317381406	1.1827090922	5.419505147	1234567	524231	0.9289060789	0.1678076479	1.69000451
A1R1S99	RA_GRP_S8	2.6781715273	1.232675921	5.8187254308	1234567	524232	0.9851342957	0.2091873519	1.7610812396
A1R1S99	RA_GRP_S8	2.2681911935	0.9435527256	5.4524682622	1234567	524233	0.8189826828	-0.058103033	1.6960683983
A1R1S99	RA_GRP_S8	2.3983665625	1.0756340367	5.3476944502	1234567	524234	0.8747879067	0.0729102893	1.6766655241
A1R1S99	RA_GRP_S8	2.5852144334	1.1702096187	5.7112277664	1234567	524235	0.9498084575	0.157182894	1.7424340209
A1R1S99	RA_GRP_S8	2.6080870731	1.1885044558	5.7232584597	1234567	524236	0.9586170304	0.1726957569	1.744538304
A1R1S99	RA_GRP_S8	2.7876687757	1.2389363111	6.2723944191	1234567	524237	1.0252056823	0.2142531978	1.8361581668
A1R1S99	RA_GRP_S8	2.5912466208	1.2018578429	5.5868163522	1234567	524238	0.9521390807	0.183868562	1.7204095994
A1R1S99	RA_GRP_S8	2.5738041683	1.1840985109	5.5945243032	1234567	524239	0.9453850256	0.1689817348	1.7217883164
