Parm	or	lowor	upor	imod	pr_seed	mi_seed
RA_GRP_EXP	3.4402495905	1.6014743195	7.3902635223	0	1234567	524232
RA_GRP_S8	2.6781715273	1.232675921	5.8187254308	0	1234567	524232
RA_GRP_EXP	2.1924304072	0.9879229258	4.8655122426	1	123	524230
RA_GRP_EXP	2.2561357026	1.02978843	4.9429068728	1	123	524230
RA_GRP_S8	2.3933258431	1.1030481553	5.1928907761	1	123	524230
RA_GRP_S8	2.4061390997	1.133055151	5.1096412753	1	123	524230
RA_GRP_EXP	2.2032356599	0.9851198068	4.9275705751	1	123	524231
RA_GRP_EXP	2.2748790491	1.0196156189	5.075515314	1	123	524231
RA_GRP_S8	2.4505937475	1.1439232096	5.2498364092	1	123	524231
RA_GRP_S8	2.4792500411	1.1744786753	5.2335396934	1	123	524231
RA_GRP_EXP	2.2693823779	1.0465845136	4.9208604853	1	123	524232
RA_GRP_EXP	2.3226453762	1.0803572611	4.993423692	1	123	524232
RA_GRP_S8	2.3698970038	1.1038082109	5.0882134714	1	123	524232
RA_GRP_S8	2.3291470995	1.090385872	4.9752352358	1	123	524232
RA_GRP_EXP	1.7880701081	0.8226475839	3.8864694601	1	123	524233
RA_GRP_EXP	1.8385865228	0.8499352358	3.9772446882	1	123	524233
RA_GRP_S8	1.8670859498	0.8133547721	4.2859648254	1	123	524233
RA_GRP_S8	1.8712060219	0.8130453064	4.3065398064	1	123	524233
RA_GRP_EXP	2.0978557943	0.8833238282	4.9823165561	1	123	524234
RA_GRP_EXP	2.131497581	0.89627076	5.0690953453	1	123	524234
RA_GRP_S8	2.2225054001	0.9514586838	5.1915341541	1	123	524234
RA_GRP_S8	2.2217353956	0.9584677894	5.1499990114	1	123	524234
RA_GRP_EXP	2.0884086825	0.9460905157	4.6099720401	1	123	524235
RA_GRP_EXP	2.1580559289	0.9715842892	4.7934136483	1	123	524235
RA_GRP_S8	2.3806313293	1.0984929585	5.1592552161	1	123	524235
RA_GRP_S8	2.3406418104	1.0833796725	5.0569566915	1	123	524235
RA_GRP_EXP	2.0406408674	0.9562705947	4.3546410114	1	123	524236
RA_GRP_EXP	2.0660217234	0.9650236976	4.423151237	1	123	524236
RA_GRP_S8	2.2063395363	1.0299931677	4.7261810099	1	123	524236
RA_GRP_S8	2.2244990343	1.0507162434	4.709545498	1	123	524236
RA_GRP_EXP	2.1677063226	0.9209378604	5.1023537019	1	123	524237
RA_GRP_EXP	2.2527493201	0.9688908861	5.2378235485	1	123	524237
RA_GRP_S8	2.3046667309	1.0142794311	5.2367114799	1	123	524237
RA_GRP_S8	2.2984386277	1.0097719266	5.2316963723	1	123	524237
RA_GRP_EXP	2.2289064582	1.0125113855	4.906635195	1	123	524238
RA_GRP_EXP	2.3146437871	1.0733082641	4.9916468923	1	123	524238
RA_GRP_S8	2.3409955128	1.0972593094	4.9944985148	1	123	524238
RA_GRP_S8	2.3301458067	1.0899043443	4.9817027606	1	123	524238
RA_GRP_EXP	2.0108644655	0.9413801655	4.2953697633	1	123	524239
RA_GRP_EXP	2.079053112	0.9802338423	4.4096231488	1	123	524239
RA_GRP_S8	2.2862645142	1.0884310202	4.8023304482	1	123	524239
RA_GRP_S8	2.2604525469	1.0807737594	4.7277662622	1	123	524239
RA_GRP_EXP	2.2208967507	1.0329869672	4.774873773	1	1234	524230
RA_GRP_EXP	3.3091494766	1.6244996225	6.740826595	1	1234	524230
RA_GRP_S8	2.1005642496	0.9906696601	4.4539268178	1	1234	524230
RA_GRP_S8	2.2231263027	1.0276367958	4.8093748469	1	1234	524230
RA_GRP_EXP	2.2208967507	1.0329869672	4.774873773	1	1234	524231
RA_GRP_EXP	3.38777943	1.6331116437	7.02771884	1	1234	524231
RA_GRP_S8	2.1005642496	0.9906696601	4.4539268178	1	1234	524231
RA_GRP_S8	2.2348040448	1.0586497091	4.7176597466	1	1234	524231
RA_GRP_EXP	2.2208967507	1.0329869672	4.774873773	1	1234	524232
RA_GRP_EXP	3.4107611697	1.676542003	6.9388609031	1	1234	524232
RA_GRP_S8	2.1005642496	0.9906696601	4.4539268178	1	1234	524232
RA_GRP_S8	2.1850834241	1.0052841673	4.7494924575	1	1234	524232
RA_GRP_EXP	2.2208967507	1.0329869672	4.774873773	1	1234	524233
RA_GRP_EXP	2.666208837	1.3003187899	5.4668667542	1	1234	524233
RA_GRP_S8	2.1005642496	0.9906696601	4.4539268178	1	1234	524233
RA_GRP_S8	1.7395884631	0.7656302755	3.9525187519	1	1234	524233
RA_GRP_EXP	2.2208967507	1.0329869672	4.774873773	1	1234	524234
RA_GRP_EXP	3.2550344708	1.4962223318	7.0813335565	1	1234	524234
RA_GRP_S8	2.1005642496	0.9906696601	4.4539268178	1	1234	524234
RA_GRP_S8	2.031992614	0.878847363	4.6981923793	1	1234	524234
RA_GRP_EXP	2.2208967507	1.0329869672	4.774873773	1	1234	524235
RA_GRP_EXP	2.479638366	1.1375030646	5.4053537239	1	1234	524235
RA_GRP_S8	2.1005642496	0.9906696601	4.4539268178	1	1234	524235
RA_GRP_S8	2.1999951255	1.0327272672	4.6865989755	1	1234	524235
RA_GRP_EXP	2.2208967507	1.0329869672	4.774873773	1	1234	524236
RA_GRP_EXP	2.2959472059	1.0774971998	4.8922387671	1	1234	524236
RA_GRP_S8	2.1005642496	0.9906696601	4.4539268178	1	1234	524236
RA_GRP_S8	2.0845189545	0.978062504	4.4426805583	1	1234	524236
RA_GRP_EXP	2.2208967507	1.0329869672	4.774873773	1	1234	524237
RA_GRP_EXP	2.5928100276	1.1412260821	5.8907379921	1	1234	524237
RA_GRP_S8	2.1005642496	0.9906696601	4.4539268178	1	1234	524237
RA_GRP_S8	2.1438671547	0.9461086489	4.8579688837	1	1234	524237
RA_GRP_EXP	2.2208967507	1.0329869672	4.774873773	1	1234	524238
RA_GRP_EXP	2.5511507203	1.1670977424	5.5765423588	1	1234	524238
RA_GRP_S8	2.1005642496	0.9906696601	4.4539268178	1	1234	524238
RA_GRP_S8	2.1728634829	1.0218671007	4.6203030827	1	1234	524238
RA_GRP_EXP	2.2208967507	1.0329869672	4.774873773	1	1234	524239
RA_GRP_EXP	2.1898823116	1.0185681056	4.7081628731	1	1234	524239
RA_GRP_S8	2.1005642496	0.9906696601	4.4539268178	1	1234	524239
RA_GRP_S8	2.1005688138	0.9906711701	4.4539393846	1	1234	524239
RA_GRP_EXP	2.2208967507	1.0329869672	4.774873773	1	12345	524230
RA_GRP_S8	2.1005642496	0.9906696601	4.4539268178	1	12345	524230
RA_GRP_EXP	2.2208967507	1.0329869672	4.774873773	1	12345	524231
RA_GRP_S8	2.1005642496	0.9906696601	4.4539268178	1	12345	524231
RA_GRP_EXP	2.2208967507	1.0329869672	4.774873773	1	12345	524232
RA_GRP_S8	2.1005642496	0.9906696601	4.4539268178	1	12345	524232
RA_GRP_EXP	2.2208967507	1.0329869672	4.774873773	1	12345	524233
RA_GRP_S8	2.1005642496	0.9906696601	4.4539268178	1	12345	524233
RA_GRP_EXP	2.2208967507	1.0329869672	4.774873773	1	12345	524234
RA_GRP_S8	2.1005642496	0.9906696601	4.4539268178	1	12345	524234
RA_GRP_EXP	2.2208967507	1.0329869672	4.774873773	1	12345	524235
RA_GRP_S8	2.1005642496	0.9906696601	4.4539268178	1	12345	524235
RA_GRP_EXP	2.2208967507	1.0329869672	4.774873773	1	12345	524236
RA_GRP_S8	2.1005642496	0.9906696601	4.4539268178	1	12345	524236
RA_GRP_EXP	2.2208967507	1.0329869672	4.774873773	1	12345	524237
RA_GRP_S8	2.1005642496	0.9906696601	4.4539268178	1	12345	524237
RA_GRP_EXP	2.2208967507	1.0329869672	4.774873773	1	12345	524238
RA_GRP_S8	2.1005642496	0.9906696601	4.4539268178	1	12345	524238
RA_GRP_EXP	2.2208967507	1.0329869672	4.774873773	1	12345	524239
RA_GRP_S8	2.1005642496	0.9906696601	4.4539268178	1	12345	524239
RA_GRP_EXP	2.2208967507	1.0329869672	4.774873773	1	123456	524230
RA_GRP_S8	2.1005642496	0.9906696601	4.4539268178	1	123456	524230
RA_GRP_EXP	2.2208967507	1.0329869672	4.774873773	1	123456	524231
RA_GRP_S8	2.1005642496	0.9906696601	4.4539268178	1	123456	524231
RA_GRP_EXP	2.2208967507	1.0329869672	4.774873773	1	123456	524232
RA_GRP_S8	2.1005642496	0.9906696601	4.4539268178	1	123456	524232
RA_GRP_EXP	2.2208967507	1.0329869672	4.774873773	1	123456	524233
RA_GRP_S8	2.1005642496	0.9906696601	4.4539268178	1	123456	524233
RA_GRP_EXP	2.2208967507	1.0329869672	4.774873773	1	123456	524234
RA_GRP_S8	2.1005642496	0.9906696601	4.4539268178	1	123456	524234
RA_GRP_EXP	2.2208967507	1.0329869672	4.774873773	1	123456	524235
RA_GRP_S8	2.1005642496	0.9906696601	4.4539268178	1	123456	524235
RA_GRP_EXP	2.2208967507	1.0329869672	4.774873773	1	123456	524236
RA_GRP_S8	2.1005642496	0.9906696601	4.4539268178	1	123456	524236
RA_GRP_EXP	2.2208967507	1.0329869672	4.774873773	1	123456	524237
RA_GRP_S8	2.1005642496	0.9906696601	4.4539268178	1	123456	524237
RA_GRP_EXP	2.2208967507	1.0329869672	4.774873773	1	123456	524238
RA_GRP_S8	2.1005642496	0.9906696601	4.4539268178	1	123456	524238
RA_GRP_EXP	2.2208967507	1.0329869672	4.774873773	1	123456	524239
RA_GRP_S8	2.1005642496	0.9906696601	4.4539268178	1	123456	524239
RA_GRP_EXP	2.2208967507	1.0329869672	4.774873773	1	1234567	524230
RA_GRP_S8	2.1005642496	0.9906696601	4.4539268178	1	1234567	524230
RA_GRP_EXP	2.2208967507	1.0329869672	4.774873773	1	1234567	524231
RA_GRP_S8	2.1005642496	0.9906696601	4.4539268178	1	1234567	524231
RA_GRP_EXP	2.2208967507	1.0329869672	4.774873773	1	1234567	524232
RA_GRP_S8	2.1005642496	0.9906696601	4.4539268178	1	1234567	524232
RA_GRP_EXP	2.2208967507	1.0329869672	4.774873773	1	1234567	524233
RA_GRP_S8	2.1005642496	0.9906696601	4.4539268178	1	1234567	524233
RA_GRP_EXP	2.2208967507	1.0329869672	4.774873773	1	1234567	524234
RA_GRP_S8	2.1005642496	0.9906696601	4.4539268178	1	1234567	524234
RA_GRP_EXP	2.2208967507	1.0329869672	4.774873773	1	1234567	524235
RA_GRP_S8	2.1005642496	0.9906696601	4.4539268178	1	1234567	524235
RA_GRP_EXP	2.2208967507	1.0329869672	4.774873773	1	1234567	524236
RA_GRP_S8	2.1005642496	0.9906696601	4.4539268178	1	1234567	524236
RA_GRP_EXP	2.2208967507	1.0329869672	4.774873773	1	1234567	524237
RA_GRP_S8	2.1005642496	0.9906696601	4.4539268178	1	1234567	524237
RA_GRP_EXP	2.2208967507	1.0329869672	4.774873773	1	1234567	524238
RA_GRP_S8	2.1005642496	0.9906696601	4.4539268178	1	1234567	524238
RA_GRP_EXP	2.2208967507	1.0329869672	4.774873773	1	1234567	524239
RA_GRP_S8	2.1005642496	0.9906696601	4.4539268178	1	1234567	524239
RA_GRP_EXP	2.3888536822	1.108865843	5.1463591839	2	123	524230
RA_GRP_S8	2.3621300956	1.0930650273	5.1045989479	2	123	524230
RA_GRP_EXP	2.4225249182	1.1028011456	5.3215640938	2	123	524231
RA_GRP_S8	2.4554066521	1.1535685771	5.2264095495	2	123	524231
RA_GRP_EXP	2.5176443335	1.1723177232	5.4068388328	2	123	524232
RA_GRP_S8	2.2862671386	1.0617394854	4.9230696429	2	123	524232
RA_GRP_EXP	1.9914880153	0.9411536207	4.2140033547	2	123	524233
RA_GRP_S8	1.8020368469	0.7924708963	4.0977363493	2	123	524233
RA_GRP_EXP	2.3059041044	0.9862954069	5.3910762452	2	123	524234
RA_GRP_S8	2.1737458512	0.9253109222	5.1065765165	2	123	524234
RA_GRP_EXP	2.3359817094	1.0774067396	5.0647637017	2	123	524235
RA_GRP_S8	2.2943963804	1.0601691895	4.9654855115	2	123	524235
RA_GRP_EXP	2.2583958989	1.0606578679	4.8086684597	2	123	524236
RA_GRP_S8	2.1644063923	1.0167940058	4.6072803385	2	123	524236
RA_GRP_EXP	2.4467646041	1.0602437673	5.6464911301	2	123	524237
RA_GRP_S8	2.2500452006	0.9882514743	5.1228898075	2	123	524237
RA_GRP_EXP	2.5240886879	1.1746260044	5.423874221	2	123	524238
RA_GRP_S8	2.2909437938	1.072168347	4.895148678	2	123	524238
RA_GRP_EXP	2.1800329829	1.0270863384	4.6272096402	2	123	524239
RA_GRP_S8	2.2262233256	1.0601077335	4.6750628625	2	123	524239
RA_GRP_EXP	3.3268955879	1.6425065147	6.7386242636	2	1234	524230
RA_GRP_S8	2.2231757709	1.0276237672	4.8096498602	2	1234	524230
RA_GRP_EXP	3.449220976	1.6594902309	7.169144548	2	1234	524231
RA_GRP_S8	2.2347584704	1.0586275358	4.717566143	2	1234	524231
RA_GRP_EXP	3.440332497	1.6770469967	7.0575766294	2	1234	524232
RA_GRP_S8	2.185128783	1.0052847244	4.7496870114	2	1234	524232
RA_GRP_EXP	2.7219564623	1.3264911655	5.5854476648	2	1234	524233
RA_GRP_S8	1.7395737845	0.7656303818	3.9524515008	2	1234	524233
RA_GRP_EXP	3.2795769519	1.4959541643	7.1898091799	2	1234	524234
RA_GRP_S8	2.0319812078	0.8788421669	4.6981674122	2	1234	524234
RA_GRP_EXP	2.4978962468	1.1423896081	5.4617843293	2	1234	524235
RA_GRP_S8	2.1999855512	1.032727181	4.6865585749	2	1234	524235
RA_GRP_EXP	2.3417155136	1.0885575836	5.0375208713	2	1234	524236
RA_GRP_S8	2.0844994245	0.9780658222	4.4425822395	2	1234	524236
RA_GRP_EXP	2.622928308	1.1539607299	5.9618605131	2	1234	524237
RA_GRP_S8	2.1438684547	0.9460698087	4.8581742157	2	1234	524237
RA_GRP_EXP	2.6019066405	1.186949903	5.7036258637	2	1234	524238
RA_GRP_S8	2.1728374525	1.0218660917	4.6201969447	2	1234	524238
RA_GRP_EXP	2.2253367385	1.0381354259	4.7702096241	2	1234	524239
RA_GRP_S8	2.1005683436	0.9906688758	4.4539477052	2	1234	524239
RA_GRP_EXP	2.2208967507	1.0329869672	4.774873773	2	12345	524230
RA_GRP_S8	2.1005642496	0.9906696601	4.4539268178	2	12345	524230
RA_GRP_EXP	2.2208967507	1.0329869672	4.774873773	2	12345	524231
RA_GRP_S8	2.1005642496	0.9906696601	4.4539268178	2	12345	524231
RA_GRP_EXP	2.2208967507	1.0329869672	4.774873773	2	12345	524232
RA_GRP_S8	2.1005642496	0.9906696601	4.4539268178	2	12345	524232
RA_GRP_EXP	2.2208967507	1.0329869672	4.774873773	2	12345	524233
RA_GRP_S8	2.1005642496	0.9906696601	4.4539268178	2	12345	524233
RA_GRP_EXP	2.2208967507	1.0329869672	4.774873773	2	12345	524234
RA_GRP_S8	2.1005642496	0.9906696601	4.4539268178	2	12345	524234
RA_GRP_EXP	2.2208967507	1.0329869672	4.774873773	2	12345	524235
RA_GRP_S8	2.1005642496	0.9906696601	4.4539268178	2	12345	524235
RA_GRP_EXP	2.2208967507	1.0329869672	4.774873773	2	12345	524236
RA_GRP_S8	2.1005642496	0.9906696601	4.4539268178	2	12345	524236
RA_GRP_EXP	2.2208967507	1.0329869672	4.774873773	2	12345	524237
RA_GRP_S8	2.1005642496	0.9906696601	4.4539268178	2	12345	524237
RA_GRP_EXP	2.2208967507	1.0329869672	4.774873773	2	12345	524238
RA_GRP_S8	2.1005642496	0.9906696601	4.4539268178	2	12345	524238
RA_GRP_EXP	2.2208967507	1.0329869672	4.774873773	2	12345	524239
RA_GRP_S8	2.1005642496	0.9906696601	4.4539268178	2	12345	524239
RA_GRP_EXP	2.2208967507	1.0329869672	4.774873773	2	123456	524230
RA_GRP_S8	2.1005642496	0.9906696601	4.4539268178	2	123456	524230
RA_GRP_EXP	2.2208967507	1.0329869672	4.774873773	2	123456	524231
RA_GRP_S8	2.1005642496	0.9906696601	4.4539268178	2	123456	524231
RA_GRP_EXP	2.2208967507	1.0329869672	4.774873773	2	123456	524232
RA_GRP_S8	2.1005642496	0.9906696601	4.4539268178	2	123456	524232
RA_GRP_EXP	2.2208967507	1.0329869672	4.774873773	2	123456	524233
RA_GRP_S8	2.1005642496	0.9906696601	4.4539268178	2	123456	524233
RA_GRP_EXP	2.2208967507	1.0329869672	4.774873773	2	123456	524234
RA_GRP_S8	2.1005642496	0.9906696601	4.4539268178	2	123456	524234
RA_GRP_EXP	2.2208967507	1.0329869672	4.774873773	2	123456	524235
RA_GRP_S8	2.1005642496	0.9906696601	4.4539268178	2	123456	524235
RA_GRP_EXP	2.2208967507	1.0329869672	4.774873773	2	123456	524236
RA_GRP_S8	2.1005642496	0.9906696601	4.4539268178	2	123456	524236
RA_GRP_EXP	2.2208967507	1.0329869672	4.774873773	2	123456	524237
RA_GRP_S8	2.1005642496	0.9906696601	4.4539268178	2	123456	524237
RA_GRP_EXP	2.2208967507	1.0329869672	4.774873773	2	123456	524238
RA_GRP_S8	2.1005642496	0.9906696601	4.4539268178	2	123456	524238
RA_GRP_EXP	2.2208967507	1.0329869672	4.774873773	2	123456	524239
RA_GRP_S8	2.1005642496	0.9906696601	4.4539268178	2	123456	524239
RA_GRP_EXP	2.2208967507	1.0329869672	4.774873773	2	1234567	524230
RA_GRP_S8	2.1005642496	0.9906696601	4.4539268178	2	1234567	524230
RA_GRP_EXP	2.2208967507	1.0329869672	4.774873773	2	1234567	524231
RA_GRP_S8	2.1005642496	0.9906696601	4.4539268178	2	1234567	524231
RA_GRP_EXP	2.2208967507	1.0329869672	4.774873773	2	1234567	524232
RA_GRP_S8	2.1005642496	0.9906696601	4.4539268178	2	1234567	524232
RA_GRP_EXP	2.2208967507	1.0329869672	4.774873773	2	1234567	524233
RA_GRP_S8	2.1005642496	0.9906696601	4.4539268178	2	1234567	524233
RA_GRP_EXP	2.2208967507	1.0329869672	4.774873773	2	1234567	524234
RA_GRP_S8	2.1005642496	0.9906696601	4.4539268178	2	1234567	524234
RA_GRP_EXP	2.2208967507	1.0329869672	4.774873773	2	1234567	524235
RA_GRP_S8	2.1005642496	0.9906696601	4.4539268178	2	1234567	524235
RA_GRP_EXP	2.2208967507	1.0329869672	4.774873773	2	1234567	524236
RA_GRP_S8	2.1005642496	0.9906696601	4.4539268178	2	1234567	524236
RA_GRP_EXP	2.2208967507	1.0329869672	4.774873773	2	1234567	524237
RA_GRP_S8	2.1005642496	0.9906696601	4.4539268178	2	1234567	524237
RA_GRP_EXP	2.2208967507	1.0329869672	4.774873773	2	1234567	524238
RA_GRP_S8	2.1005642496	0.9906696601	4.4539268178	2	1234567	524238
RA_GRP_EXP	2.2208967507	1.0329869672	4.774873773	2	1234567	524239
RA_GRP_S8	2.1005642496	0.9906696601	4.4539268178	2	1234567	524239
RA_GRP_EXP	2.2976885535	1.0568346222	4.9954577358	3	123	524230
RA_GRP_S8	2.3349741345	1.0806413818	5.0452484058	3	123	524230
RA_GRP_EXP	2.307270974	1.031481114	5.1610245456	3	123	524231
RA_GRP_S8	2.3910388785	1.1164080231	5.1209475388	3	123	524231
RA_GRP_EXP	2.3993995217	1.1099831823	5.1866714349	3	123	524232
RA_GRP_S8	2.2963987914	1.0675794607	4.9396298854	3	123	524232
RA_GRP_EXP	1.905355373	0.885474273	4.0999261166	3	123	524233
RA_GRP_S8	1.8464605681	0.8111002811	4.2034464899	3	123	524233
RA_GRP_EXP	2.1666755935	0.9184027926	5.1115732282	3	123	524234
RA_GRP_S8	2.1661365931	0.9276212147	5.0582583343	3	123	524234
RA_GRP_EXP	2.2241011398	1.0020707903	4.9364036233	3	123	524235
RA_GRP_S8	2.3039714235	1.0607477497	5.0042852527	3	123	524235
RA_GRP_EXP	2.1932392805	1.0265857055	4.6857252304	3	123	524236
RA_GRP_S8	2.1817568547	1.0300228797	4.6213177077	3	123	524236
RA_GRP_EXP	2.3396474841	0.9968596058	5.4911948663	3	123	524237
RA_GRP_S8	2.2310690005	0.9729276179	5.1161759556	3	123	524237
RA_GRP_EXP	2.4176927945	1.1129632881	5.2519598004	3	123	524238
RA_GRP_S8	2.3043755971	1.0783864582	4.924159472	3	123	524238
RA_GRP_EXP	2.1004448214	0.9799374208	4.5021940728	3	123	524239
RA_GRP_S8	2.2202060227	1.0600777833	4.6499557493	3	123	524239
RA_GRP_EXP	3.3633542808	1.6508713877	6.8522309507	3	1234	524230
RA_GRP_S8	2.223095097	1.0276274027	4.80928379	3	1234	524230
RA_GRP_EXP	3.4482653394	1.6712755403	7.1146460078	3	1234	524231
RA_GRP_S8	2.2348214525	1.0586177117	4.717875839	3	1234	524231
RA_GRP_EXP	3.4573804142	1.688295056	7.0802075067	3	1234	524232
RA_GRP_S8	2.1851229497	1.0052801723	4.7496831596	3	1234	524232
RA_GRP_EXP	2.7244992961	1.3252957265	5.600935901	3	1234	524233
RA_GRP_S8	1.7395733333	0.76563029	3.9524499247	3	1234	524233
RA_GRP_EXP	3.2839919211	1.5046056803	7.1677271188	3	1234	524234
RA_GRP_S8	2.0319790045	0.8788433879	4.6981506958	3	1234	524234
RA_GRP_EXP	2.4984493147	1.1525191659	5.416178024	3	1234	524235
RA_GRP_S8	2.1999932504	1.0327278984	4.6865881222	3	1234	524235
RA_GRP_EXP	2.3707102782	1.1145152674	5.0427906976	3	1234	524236
RA_GRP_S8	2.0844986624	0.9780623476	4.4425947735	3	1234	524236
RA_GRP_EXP	2.6480346224	1.1746879594	5.9693191753	3	1234	524237
RA_GRP_S8	2.143912833	0.9460684931	4.8583821034	3	1234	524237
RA_GRP_EXP	2.6356942576	1.2070322347	5.7553427489	3	1234	524238
RA_GRP_S8	2.1728234798	1.0218666899	4.620134819	3	1234	524238
RA_GRP_EXP	2.2395674511	1.0443920411	4.8024708832	3	1234	524239
RA_GRP_S8	2.1005593872	0.9906700172	4.4539045925	3	1234	524239
RA_GRP_EXP	2.2208967507	1.0329869672	4.774873773	3	12345	524230
RA_GRP_S8	2.1005642496	0.9906696601	4.4539268178	3	12345	524230
RA_GRP_EXP	2.2208967507	1.0329869672	4.774873773	3	12345	524231
RA_GRP_S8	2.1005642496	0.9906696601	4.4539268178	3	12345	524231
RA_GRP_EXP	2.2208967507	1.0329869672	4.774873773	3	12345	524232
RA_GRP_S8	2.1005642496	0.9906696601	4.4539268178	3	12345	524232
RA_GRP_EXP	2.2208967507	1.0329869672	4.774873773	3	12345	524233
RA_GRP_S8	2.1005642496	0.9906696601	4.4539268178	3	12345	524233
RA_GRP_EXP	2.2208967507	1.0329869672	4.774873773	3	12345	524234
RA_GRP_S8	2.1005642496	0.9906696601	4.4539268178	3	12345	524234
RA_GRP_EXP	2.2208967507	1.0329869672	4.774873773	3	12345	524235
RA_GRP_S8	2.1005642496	0.9906696601	4.4539268178	3	12345	524235
RA_GRP_EXP	2.2208967507	1.0329869672	4.774873773	3	12345	524236
RA_GRP_S8	2.1005642496	0.9906696601	4.4539268178	3	12345	524236
RA_GRP_EXP	2.2208967507	1.0329869672	4.774873773	3	12345	524237
RA_GRP_S8	2.1005642496	0.9906696601	4.4539268178	3	12345	524237
RA_GRP_EXP	2.2208967507	1.0329869672	4.774873773	3	12345	524238
RA_GRP_S8	2.1005642496	0.9906696601	4.4539268178	3	12345	524238
RA_GRP_EXP	2.2208967507	1.0329869672	4.774873773	3	12345	524239
RA_GRP_S8	2.1005642496	0.9906696601	4.4539268178	3	12345	524239
RA_GRP_EXP	2.2208967507	1.0329869672	4.774873773	3	123456	524230
RA_GRP_S8	2.1005642496	0.9906696601	4.4539268178	3	123456	524230
RA_GRP_EXP	2.2208967507	1.0329869672	4.774873773	3	123456	524231
RA_GRP_S8	2.1005642496	0.9906696601	4.4539268178	3	123456	524231
RA_GRP_EXP	2.2208967507	1.0329869672	4.774873773	3	123456	524232
RA_GRP_S8	2.1005642496	0.9906696601	4.4539268178	3	123456	524232
RA_GRP_EXP	2.2208967507	1.0329869672	4.774873773	3	123456	524233
RA_GRP_S8	2.1005642496	0.9906696601	4.4539268178	3	123456	524233
RA_GRP_EXP	2.2208967507	1.0329869672	4.774873773	3	123456	524234
RA_GRP_S8	2.1005642496	0.9906696601	4.4539268178	3	123456	524234
RA_GRP_EXP	2.2208967507	1.0329869672	4.774873773	3	123456	524235
RA_GRP_S8	2.1005642496	0.9906696601	4.4539268178	3	123456	524235
RA_GRP_EXP	2.2208967507	1.0329869672	4.774873773	3	123456	524236
RA_GRP_S8	2.1005642496	0.9906696601	4.4539268178	3	123456	524236
RA_GRP_EXP	2.2208967507	1.0329869672	4.774873773	3	123456	524237
RA_GRP_S8	2.1005642496	0.9906696601	4.4539268178	3	123456	524237
RA_GRP_EXP	2.2208967507	1.0329869672	4.774873773	3	123456	524238
RA_GRP_S8	2.1005642496	0.9906696601	4.4539268178	3	123456	524238
RA_GRP_EXP	2.2208967507	1.0329869672	4.774873773	3	123456	524239
RA_GRP_S8	2.1005642496	0.9906696601	4.4539268178	3	123456	524239
RA_GRP_EXP	2.2208967507	1.0329869672	4.774873773	3	1234567	524230
RA_GRP_S8	2.1005642496	0.9906696601	4.4539268178	3	1234567	524230
RA_GRP_EXP	2.2208967507	1.0329869672	4.774873773	3	1234567	524231
RA_GRP_S8	2.1005642496	0.9906696601	4.4539268178	3	1234567	524231
RA_GRP_EXP	2.2208967507	1.0329869672	4.774873773	3	1234567	524232
RA_GRP_S8	2.1005642496	0.9906696601	4.4539268178	3	1234567	524232
RA_GRP_EXP	2.2208967507	1.0329869672	4.774873773	3	1234567	524233
RA_GRP_S8	2.1005642496	0.9906696601	4.4539268178	3	1234567	524233
RA_GRP_EXP	2.2208967507	1.0329869672	4.774873773	3	1234567	524234
RA_GRP_S8	2.1005642496	0.9906696601	4.4539268178	3	1234567	524234
RA_GRP_EXP	2.2208967507	1.0329869672	4.774873773	3	1234567	524235
RA_GRP_S8	2.1005642496	0.9906696601	4.4539268178	3	1234567	524235
RA_GRP_EXP	2.2208967507	1.0329869672	4.774873773	3	1234567	524236
RA_GRP_S8	2.1005642496	0.9906696601	4.4539268178	3	1234567	524236
RA_GRP_EXP	2.2208967507	1.0329869672	4.774873773	3	1234567	524237
RA_GRP_S8	2.1005642496	0.9906696601	4.4539268178	3	1234567	524237
RA_GRP_EXP	2.2208967507	1.0329869672	4.774873773	3	1234567	524238
RA_GRP_S8	2.1005642496	0.9906696601	4.4539268178	3	1234567	524238
RA_GRP_EXP	2.2208967507	1.0329869672	4.774873773	3	1234567	524239
RA_GRP_S8	2.1005642496	0.9906696601	4.4539268178	3	1234567	524239
RA_GRP_EXP	3.0274543391	1.4581533067	6.2856763643	4	123	524230
RA_GRP_S8	2.4236657672	1.1383098262	5.1604190843	4	123	524230
RA_GRP_EXP	3.1015418326	1.4705232126	6.5415912219	4	123	524231
RA_GRP_S8	2.4997047228	1.1867196175	5.2653749118	4	123	524231
RA_GRP_EXP	3.1267665455	1.5289427943	6.3943981856	4	123	524232
RA_GRP_S8	2.3301180796	1.0971424634	4.9487194656	4	123	524232
RA_GRP_EXP	2.5187905732	1.2170834739	5.2127122648	4	123	524233
RA_GRP_S8	1.8446385566	0.798221072	4.2628433701	4	123	524233
RA_GRP_EXP	2.9849368488	1.3682310277	6.5119470402	4	123	524234
RA_GRP_S8	2.2013720592	0.9473900581	5.1151465034	4	123	524234
RA_GRP_EXP	2.1779763755	0.9931854509	4.7761282531	4	123	524235
RA_GRP_S8	2.3309188345	1.0716815984	5.0697731688	4	123	524235
RA_GRP_EXP	2.0584107676	0.9545408665	4.438840742	4	123	524236
RA_GRP_S8	2.2119890533	1.0420341793	4.6955231115	4	123	524236
RA_GRP_EXP	2.3487153831	1.0295188138	5.358293483	4	123	524237
RA_GRP_S8	2.2795889237	1.014066717	5.1244415914	4	123	524237
RA_GRP_EXP	2.3028642669	1.045522336	5.0722817191	4	123	524238
RA_GRP_S8	2.3198211714	1.0921053518	4.9277024954	4	123	524238
RA_GRP_EXP	1.9825202116	0.9182484559	4.2803081932	4	123	524239
RA_GRP_S8	2.3145796463	1.0847870486	4.9385535588	4	123	524239
RA_GRP_EXP	3.3091494766	1.6244996225	6.740826595	4	1234	524230
RA_GRP_S8	2.2231263027	1.0276367958	4.8093748469	4	1234	524230
RA_GRP_EXP	3.38777943	1.6331116437	7.02771884	4	1234	524231
RA_GRP_S8	2.2348040448	1.0586497091	4.7176597466	4	1234	524231
RA_GRP_EXP	3.4107611697	1.676542003	6.9388609031	4	1234	524232
RA_GRP_S8	2.1850834241	1.0052841673	4.7494924575	4	1234	524232
RA_GRP_EXP	2.666208837	1.3003187899	5.4668667542	4	1234	524233
RA_GRP_S8	1.7395884631	0.7656302755	3.9525187519	4	1234	524233
RA_GRP_EXP	3.2550344708	1.4962223318	7.0813335565	4	1234	524234
RA_GRP_S8	2.031992614	0.878847363	4.6981923793	4	1234	524234
RA_GRP_EXP	2.479638366	1.1375030646	5.4053537239	4	1234	524235
RA_GRP_S8	2.1999951255	1.0327272672	4.6865989755	4	1234	524235
RA_GRP_EXP	2.2959472059	1.0774971998	4.8922387671	4	1234	524236
RA_GRP_S8	2.0845189545	0.978062504	4.4426805583	4	1234	524236
RA_GRP_EXP	2.5928100276	1.1412260821	5.8907379921	4	1234	524237
RA_GRP_S8	2.1438671547	0.9461086489	4.8579688837	4	1234	524237
RA_GRP_EXP	2.5511507203	1.1670977424	5.5765423588	4	1234	524238
RA_GRP_S8	2.1728634829	1.0218671007	4.6203030827	4	1234	524238
RA_GRP_EXP	2.1898823116	1.0185681056	4.7081628731	4	1234	524239
RA_GRP_S8	2.1005688138	0.9906711701	4.4539393846	4	1234	524239
RA_GRP_EXP	2.2208967507	1.0329869672	4.774873773	4	12345	524230
RA_GRP_S8	2.1005642496	0.9906696601	4.4539268178	4	12345	524230
RA_GRP_EXP	2.2208967507	1.0329869672	4.774873773	4	12345	524231
RA_GRP_S8	2.1005642496	0.9906696601	4.4539268178	4	12345	524231
RA_GRP_EXP	2.2208967507	1.0329869672	4.774873773	4	12345	524232
RA_GRP_S8	2.1005642496	0.9906696601	4.4539268178	4	12345	524232
RA_GRP_EXP	2.2208967507	1.0329869672	4.774873773	4	12345	524233
RA_GRP_S8	2.1005642496	0.9906696601	4.4539268178	4	12345	524233
RA_GRP_EXP	2.2208967507	1.0329869672	4.774873773	4	12345	524234
RA_GRP_S8	2.1005642496	0.9906696601	4.4539268178	4	12345	524234
RA_GRP_EXP	2.2208967507	1.0329869672	4.774873773	4	12345	524235
RA_GRP_S8	2.1005642496	0.9906696601	4.4539268178	4	12345	524235
RA_GRP_EXP	2.2208967507	1.0329869672	4.774873773	4	12345	524236
RA_GRP_S8	2.1005642496	0.9906696601	4.4539268178	4	12345	524236
RA_GRP_EXP	2.2208967507	1.0329869672	4.774873773	4	12345	524237
RA_GRP_S8	2.1005642496	0.9906696601	4.4539268178	4	12345	524237
RA_GRP_EXP	2.2208967507	1.0329869672	4.774873773	4	12345	524238
RA_GRP_S8	2.1005642496	0.9906696601	4.4539268178	4	12345	524238
RA_GRP_EXP	2.2208967507	1.0329869672	4.774873773	4	12345	524239
RA_GRP_S8	2.1005642496	0.9906696601	4.4539268178	4	12345	524239
RA_GRP_EXP	2.2208967507	1.0329869672	4.774873773	4	123456	524230
RA_GRP_S8	2.1005642496	0.9906696601	4.4539268178	4	123456	524230
RA_GRP_EXP	2.2208967507	1.0329869672	4.774873773	4	123456	524231
RA_GRP_S8	2.1005642496	0.9906696601	4.4539268178	4	123456	524231
RA_GRP_EXP	2.2208967507	1.0329869672	4.774873773	4	123456	524232
RA_GRP_S8	2.1005642496	0.9906696601	4.4539268178	4	123456	524232
RA_GRP_EXP	2.2208967507	1.0329869672	4.774873773	4	123456	524233
RA_GRP_S8	2.1005642496	0.9906696601	4.4539268178	4	123456	524233
RA_GRP_EXP	2.2208967507	1.0329869672	4.774873773	4	123456	524234
RA_GRP_S8	2.1005642496	0.9906696601	4.4539268178	4	123456	524234
RA_GRP_EXP	2.2208967507	1.0329869672	4.774873773	4	123456	524235
RA_GRP_S8	2.1005642496	0.9906696601	4.4539268178	4	123456	524235
RA_GRP_EXP	2.2208967507	1.0329869672	4.774873773	4	123456	524236
RA_GRP_S8	2.1005642496	0.9906696601	4.4539268178	4	123456	524236
RA_GRP_EXP	2.2208967507	1.0329869672	4.774873773	4	123456	524237
RA_GRP_S8	2.1005642496	0.9906696601	4.4539268178	4	123456	524237
RA_GRP_EXP	2.2208967507	1.0329869672	4.774873773	4	123456	524238
RA_GRP_S8	2.1005642496	0.9906696601	4.4539268178	4	123456	524238
RA_GRP_EXP	2.2208967507	1.0329869672	4.774873773	4	123456	524239
RA_GRP_S8	2.1005642496	0.9906696601	4.4539268178	4	123456	524239
RA_GRP_EXP	2.2208967507	1.0329869672	4.774873773	4	1234567	524230
RA_GRP_S8	2.1005642496	0.9906696601	4.4539268178	4	1234567	524230
RA_GRP_EXP	2.2208967507	1.0329869672	4.774873773	4	1234567	524231
RA_GRP_S8	2.1005642496	0.9906696601	4.4539268178	4	1234567	524231
RA_GRP_EXP	2.2208967507	1.0329869672	4.774873773	4	1234567	524232
RA_GRP_S8	2.1005642496	0.9906696601	4.4539268178	4	1234567	524232
RA_GRP_EXP	2.2208967507	1.0329869672	4.774873773	4	1234567	524233
RA_GRP_S8	2.1005642496	0.9906696601	4.4539268178	4	1234567	524233
RA_GRP_EXP	2.2208967507	1.0329869672	4.774873773	4	1234567	524234
RA_GRP_S8	2.1005642496	0.9906696601	4.4539268178	4	1234567	524234
RA_GRP_EXP	2.2208967507	1.0329869672	4.774873773	4	1234567	524235
RA_GRP_S8	2.1005642496	0.9906696601	4.4539268178	4	1234567	524235
RA_GRP_EXP	2.2208967507	1.0329869672	4.774873773	4	1234567	524236
RA_GRP_S8	2.1005642496	0.9906696601	4.4539268178	4	1234567	524236
RA_GRP_EXP	2.2208967507	1.0329869672	4.774873773	4	1234567	524237
RA_GRP_S8	2.1005642496	0.9906696601	4.4539268178	4	1234567	524237
RA_GRP_EXP	2.2208967507	1.0329869672	4.774873773	4	1234567	524238
RA_GRP_S8	2.1005642496	0.9906696601	4.4539268178	4	1234567	524238
RA_GRP_EXP	2.2208967507	1.0329869672	4.774873773	4	1234567	524239
RA_GRP_S8	2.1005642496	0.9906696601	4.4539268178	4	1234567	524239
RA_GRP_EXP	2.3813344623	1.1077259812	5.1192749089	5	123	524230
RA_GRP_S8	2.3989649679	1.1061643981	5.2026922285	5	123	524230
RA_GRP_EXP	2.3917272017	1.0867991816	5.263492193	5	123	524231
RA_GRP_S8	2.422686697	1.1281932896	5.2024869191	5	123	524231
RA_GRP_EXP	2.4987548027	1.1745669736	5.3158105957	5	123	524232
RA_GRP_S8	2.3510093987	1.0792252918	5.1214933848	5	123	524232
RA_GRP_EXP	1.9392825133	0.9163219157	4.1042526669	5	123	524233
RA_GRP_S8	1.8914992281	0.835834333	4.2804766313	5	123	524233
RA_GRP_EXP	2.3521266919	1.0127806957	5.4626830843	5	123	524234
RA_GRP_S8	2.2195792493	0.9451477217	5.2124466163	5	123	524234
RA_GRP_EXP	2.3253971974	1.0607831233	5.0976226967	5	123	524235
RA_GRP_S8	2.3627942692	1.082387311	5.1578549582	5	123	524235
RA_GRP_EXP	2.2336652311	1.0430518777	4.7833290668	5	123	524236
RA_GRP_S8	2.2328278457	1.0448358639	4.7715821793	5	123	524236
RA_GRP_EXP	2.4588964756	1.068251904	5.6598746559	5	123	524237
RA_GRP_S8	2.3092910934	1.0114469861	5.2724714468	5	123	524237
RA_GRP_EXP	2.4283170775	1.1217137402	5.256888293	5	123	524238
RA_GRP_S8	2.3787879726	1.1071721938	5.1108872225	5	123	524238
RA_GRP_EXP	2.1931158886	1.0373327489	4.6366581078	5	123	524239
RA_GRP_S8	2.2599782783	1.0735330113	4.7576569747	5	123	524239
RA_GRP_EXP	3.3092320343	1.6244816476	6.7412375345	5	1234	524230
RA_GRP_S8	2.3510147974	1.0793847236	5.1207604265	5	1234	524230
RA_GRP_EXP	3.3878357355	1.633115911	7.0279340821	5	1234	524231
RA_GRP_S8	2.3825219236	1.1145907218	5.0928207144	5	1234	524231
RA_GRP_EXP	3.4106815777	1.6765081882	6.9386770111	5	1234	524232
RA_GRP_S8	2.3224095965	1.054427095	5.1151818458	5	1234	524232
RA_GRP_EXP	2.6661657675	1.3003258817	5.4666603196	5	1234	524233
RA_GRP_S8	1.8504096171	0.8096135842	4.2291975062	5	1234	524233
RA_GRP_EXP	3.2549660566	1.4961978287	7.0811518546	5	1234	524234
RA_GRP_S8	2.1737825784	0.9277131076	5.0935258535	5	1234	524234
RA_GRP_EXP	2.4795796324	1.1375053904	5.4050866091	5	1234	524235
RA_GRP_S8	2.350046521	1.0859853781	5.0854447602	5	1234	524235
RA_GRP_EXP	2.2959287846	1.0774982259	4.8921556038	5	1234	524236
RA_GRP_S8	2.1730533592	1.0091968376	4.6791277242	5	1234	524236
RA_GRP_EXP	2.5928365954	1.1412144951	5.8909185253	5	1234	524237
RA_GRP_S8	2.3066663706	1.0073372669	5.2819546344	5	1234	524237
RA_GRP_EXP	2.5510824263	1.1670906524	5.5762776717	5	1234	524238
RA_GRP_S8	2.3456782128	1.0753069378	5.1168704342	5	1234	524238
RA_GRP_EXP	2.1898560811	1.0185661188	4.7080592683	5	1234	524239
RA_GRP_S8	2.2383119686	1.0368231219	4.8321071964	5	1234	524239
RA_GRP_EXP	2.2208967507	1.0329869672	4.774873773	5	12345	524230
RA_GRP_S8	2.1005642496	0.9906696601	4.4539268178	5	12345	524230
RA_GRP_EXP	2.2208967507	1.0329869672	4.774873773	5	12345	524231
RA_GRP_S8	2.1005642496	0.9906696601	4.4539268178	5	12345	524231
RA_GRP_EXP	2.2208967507	1.0329869672	4.774873773	5	12345	524232
RA_GRP_S8	2.1005642496	0.9906696601	4.4539268178	5	12345	524232
RA_GRP_EXP	2.2208967507	1.0329869672	4.774873773	5	12345	524233
RA_GRP_S8	2.1005642496	0.9906696601	4.4539268178	5	12345	524233
RA_GRP_EXP	2.2208967507	1.0329869672	4.774873773	5	12345	524234
RA_GRP_S8	2.1005642496	0.9906696601	4.4539268178	5	12345	524234
RA_GRP_EXP	2.2208967507	1.0329869672	4.774873773	5	12345	524235
RA_GRP_S8	2.1005642496	0.9906696601	4.4539268178	5	12345	524235
RA_GRP_EXP	2.2208967507	1.0329869672	4.774873773	5	12345	524236
RA_GRP_S8	2.1005642496	0.9906696601	4.4539268178	5	12345	524236
RA_GRP_EXP	2.2208967507	1.0329869672	4.774873773	5	12345	524237
RA_GRP_S8	2.1005642496	0.9906696601	4.4539268178	5	12345	524237
RA_GRP_EXP	2.2208967507	1.0329869672	4.774873773	5	12345	524238
RA_GRP_S8	2.1005642496	0.9906696601	4.4539268178	5	12345	524238
RA_GRP_EXP	2.2208967507	1.0329869672	4.774873773	5	12345	524239
RA_GRP_S8	2.1005642496	0.9906696601	4.4539268178	5	12345	524239
RA_GRP_EXP	2.2208967507	1.0329869672	4.774873773	5	123456	524230
RA_GRP_S8	2.1005642496	0.9906696601	4.4539268178	5	123456	524230
RA_GRP_EXP	2.2208967507	1.0329869672	4.774873773	5	123456	524231
RA_GRP_S8	2.1005642496	0.9906696601	4.4539268178	5	123456	524231
RA_GRP_EXP	2.2208967507	1.0329869672	4.774873773	5	123456	524232
RA_GRP_S8	2.1005642496	0.9906696601	4.4539268178	5	123456	524232
RA_GRP_EXP	2.2208967507	1.0329869672	4.774873773	5	123456	524233
RA_GRP_S8	2.1005642496	0.9906696601	4.4539268178	5	123456	524233
RA_GRP_EXP	2.2208967507	1.0329869672	4.774873773	5	123456	524234
RA_GRP_S8	2.1005642496	0.9906696601	4.4539268178	5	123456	524234
RA_GRP_EXP	2.2208967507	1.0329869672	4.774873773	5	123456	524235
RA_GRP_S8	2.1005642496	0.9906696601	4.4539268178	5	123456	524235
RA_GRP_EXP	2.2208967507	1.0329869672	4.774873773	5	123456	524236
RA_GRP_S8	2.1005642496	0.9906696601	4.4539268178	5	123456	524236
RA_GRP_EXP	2.2208967507	1.0329869672	4.774873773	5	123456	524237
RA_GRP_S8	2.1005642496	0.9906696601	4.4539268178	5	123456	524237
RA_GRP_EXP	2.2208967507	1.0329869672	4.774873773	5	123456	524238
RA_GRP_S8	2.1005642496	0.9906696601	4.4539268178	5	123456	524238
RA_GRP_EXP	2.2208967507	1.0329869672	4.774873773	5	123456	524239
RA_GRP_S8	2.1005642496	0.9906696601	4.4539268178	5	123456	524239
RA_GRP_EXP	2.2208967507	1.0329869672	4.774873773	5	1234567	524230
RA_GRP_S8	2.1005642496	0.9906696601	4.4539268178	5	1234567	524230
RA_GRP_EXP	2.2208967507	1.0329869672	4.774873773	5	1234567	524231
RA_GRP_S8	2.1005642496	0.9906696601	4.4539268178	5	1234567	524231
RA_GRP_EXP	2.2208967507	1.0329869672	4.774873773	5	1234567	524232
RA_GRP_S8	2.1005642496	0.9906696601	4.4539268178	5	1234567	524232
RA_GRP_EXP	2.2208967507	1.0329869672	4.774873773	5	1234567	524233
RA_GRP_S8	2.1005642496	0.9906696601	4.4539268178	5	1234567	524233
RA_GRP_EXP	2.2208967507	1.0329869672	4.774873773	5	1234567	524234
RA_GRP_S8	2.1005642496	0.9906696601	4.4539268178	5	1234567	524234
RA_GRP_EXP	2.2208967507	1.0329869672	4.774873773	5	1234567	524235
RA_GRP_S8	2.1005642496	0.9906696601	4.4539268178	5	1234567	524235
RA_GRP_EXP	2.2208967507	1.0329869672	4.774873773	5	1234567	524236
RA_GRP_S8	2.1005642496	0.9906696601	4.4539268178	5	1234567	524236
RA_GRP_EXP	2.2208967507	1.0329869672	4.774873773	5	1234567	524237
RA_GRP_S8	2.1005642496	0.9906696601	4.4539268178	5	1234567	524237
RA_GRP_EXP	2.2208967507	1.0329869672	4.774873773	5	1234567	524238
RA_GRP_S8	2.1005642496	0.9906696601	4.4539268178	5	1234567	524238
RA_GRP_EXP	2.2208967507	1.0329869672	4.774873773	5	1234567	524239
RA_GRP_S8	2.1005642496	0.9906696601	4.4539268178	5	1234567	524239
RA_GRP_EXP	2.1710229685	0.9590539765	4.9145729494	6	123	524230
RA_GRP_S8	2.4045582482	1.1152078596	5.184594351	6	123	524230
RA_GRP_EXP	2.231920425	0.9927534359	5.0178308161	6	123	524231
RA_GRP_S8	2.4378892226	1.1518771812	5.159668026	6	123	524231
RA_GRP_EXP	2.1946795126	1.0010335672	4.8116450044	6	123	524232
RA_GRP_S8	2.3342399457	1.0950814487	4.9755898344	6	123	524232
RA_GRP_EXP	1.6242046231	0.72845451	3.6214212711	6	123	524233
RA_GRP_S8	1.81407563	0.788869098	4.1716305018	6	123	524233
RA_GRP_EXP	2.0809926143	0.9079058385	4.7698010929	6	123	524234
RA_GRP_S8	2.2450560314	0.9969350685	5.0557721797	6	123	524234
RA_GRP_EXP	2.0606670353	0.9096269672	4.668230806	6	123	524235
RA_GRP_S8	2.3639862403	1.094543794	5.1057170808	6	123	524235
RA_GRP_EXP	1.8285730535	0.8244053349	4.055868237	6	123	524236
RA_GRP_S8	2.1561111373	1.0016355491	4.6412242866	6	123	524236
RA_GRP_EXP	2.0570446189	0.8470718832	4.995364205	6	123	524237
RA_GRP_S8	2.3350037411	1.0227638868	5.3308906786	6	123	524237
RA_GRP_EXP	2.1681218709	0.9519521721	4.9380132578	6	123	524238
RA_GRP_S8	2.3791273593	1.1222031623	5.0438701138	6	123	524238
RA_GRP_EXP	1.8434763449	0.8467630543	4.0134073126	6	123	524239
RA_GRP_S8	2.2698900003	1.0902011004	4.7261010939	6	123	524239
RA_GRP_EXP	3.3024039332	1.6091362321	6.7774695023	6	1234	524230
RA_GRP_S8	2.2231897214	1.027632006	4.8096716611	6	1234	524230
RA_GRP_EXP	3.4174815573	1.6391789488	7.1250184144	6	1234	524231
RA_GRP_S8	2.2348432828	1.0586280926	4.7179217459	6	1234	524231
RA_GRP_EXP	3.4278793879	1.6834268076	6.9800225618	6	1234	524232
RA_GRP_S8	2.1850288437	1.0052690821	4.7493264569	6	1234	524232
RA_GRP_EXP	2.6840057936	1.3026220143	5.5302973704	6	1234	524233
RA_GRP_S8	1.7395843021	0.7656285025	3.9525089965	6	1234	524233
RA_GRP_EXP	3.267255149	1.4961672203	7.1348683918	6	1234	524234
RA_GRP_S8	2.031979782	0.8788447794	4.6981468525	6	1234	524234
RA_GRP_EXP	2.5043691581	1.1446973349	5.4790595632	6	1234	524235
RA_GRP_S8	2.1999888349	1.0327249473	4.6865827017	6	1234	524235
RA_GRP_EXP	2.3378534236	1.1066763282	4.938714682	6	1234	524236
RA_GRP_S8	2.0845103273	0.9780631743	4.4426407398	6	1234	524236
RA_GRP_EXP	2.6544031064	1.1828586665	5.9566337477	6	1234	524237
RA_GRP_S8	2.1439087901	0.9460678981	4.8583668351	6	1234	524237
RA_GRP_EXP	2.5820610582	1.1953870032	5.5773061699	6	1234	524238
RA_GRP_S8	2.1728590333	1.0218649633	4.6202938235	6	1234	524238
RA_GRP_EXP	2.2138650592	1.0312808141	4.7525353263	6	1234	524239
RA_GRP_S8	2.1005616359	0.9906728114	4.4539015662	6	1234	524239
RA_GRP_EXP	2.2208967507	1.0329869672	4.774873773	6	12345	524230
RA_GRP_S8	2.1005642496	0.9906696601	4.4539268178	6	12345	524230
RA_GRP_EXP	2.2208967507	1.0329869672	4.774873773	6	12345	524231
RA_GRP_S8	2.1005642496	0.9906696601	4.4539268178	6	12345	524231
RA_GRP_EXP	2.2208967507	1.0329869672	4.774873773	6	12345	524232
RA_GRP_S8	2.1005642496	0.9906696601	4.4539268178	6	12345	524232
RA_GRP_EXP	2.2208967507	1.0329869672	4.774873773	6	12345	524233
RA_GRP_S8	2.1005642496	0.9906696601	4.4539268178	6	12345	524233
RA_GRP_EXP	2.2208967507	1.0329869672	4.774873773	6	12345	524234
RA_GRP_S8	2.1005642496	0.9906696601	4.4539268178	6	12345	524234
RA_GRP_EXP	2.2208967507	1.0329869672	4.774873773	6	12345	524235
RA_GRP_S8	2.1005642496	0.9906696601	4.4539268178	6	12345	524235
RA_GRP_EXP	2.2208967507	1.0329869672	4.774873773	6	12345	524236
RA_GRP_S8	2.1005642496	0.9906696601	4.4539268178	6	12345	524236
RA_GRP_EXP	2.2208967507	1.0329869672	4.774873773	6	12345	524237
RA_GRP_S8	2.1005642496	0.9906696601	4.4539268178	6	12345	524237
RA_GRP_EXP	2.2208967507	1.0329869672	4.774873773	6	12345	524238
RA_GRP_S8	2.1005642496	0.9906696601	4.4539268178	6	12345	524238
RA_GRP_EXP	2.2208967507	1.0329869672	4.774873773	6	12345	524239
RA_GRP_S8	2.1005642496	0.9906696601	4.4539268178	6	12345	524239
RA_GRP_EXP	2.2208967507	1.0329869672	4.774873773	6	123456	524230
RA_GRP_S8	2.1005642496	0.9906696601	4.4539268178	6	123456	524230
RA_GRP_EXP	2.2208967507	1.0329869672	4.774873773	6	123456	524231
RA_GRP_S8	2.1005642496	0.9906696601	4.4539268178	6	123456	524231
RA_GRP_EXP	2.2208967507	1.0329869672	4.774873773	6	123456	524232
RA_GRP_S8	2.1005642496	0.9906696601	4.4539268178	6	123456	524232
RA_GRP_EXP	2.2208967507	1.0329869672	4.774873773	6	123456	524233
RA_GRP_S8	2.1005642496	0.9906696601	4.4539268178	6	123456	524233
RA_GRP_EXP	2.2208967507	1.0329869672	4.774873773	6	123456	524234
RA_GRP_S8	2.1005642496	0.9906696601	4.4539268178	6	123456	524234
RA_GRP_EXP	2.2208967507	1.0329869672	4.774873773	6	123456	524235
RA_GRP_S8	2.1005642496	0.9906696601	4.4539268178	6	123456	524235
RA_GRP_EXP	2.2208967507	1.0329869672	4.774873773	6	123456	524236
RA_GRP_S8	2.1005642496	0.9906696601	4.4539268178	6	123456	524236
RA_GRP_EXP	2.2208967507	1.0329869672	4.774873773	6	123456	524237
RA_GRP_S8	2.1005642496	0.9906696601	4.4539268178	6	123456	524237
RA_GRP_EXP	2.2208967507	1.0329869672	4.774873773	6	123456	524238
RA_GRP_S8	2.1005642496	0.9906696601	4.4539268178	6	123456	524238
RA_GRP_EXP	2.2208967507	1.0329869672	4.774873773	6	123456	524239
RA_GRP_S8	2.1005642496	0.9906696601	4.4539268178	6	123456	524239
RA_GRP_EXP	2.2208967507	1.0329869672	4.774873773	6	1234567	524230
RA_GRP_S8	2.1005642496	0.9906696601	4.4539268178	6	1234567	524230
RA_GRP_EXP	2.2208967507	1.0329869672	4.774873773	6	1234567	524231
RA_GRP_S8	2.1005642496	0.9906696601	4.4539268178	6	1234567	524231
RA_GRP_EXP	2.2208967507	1.0329869672	4.774873773	6	1234567	524232
RA_GRP_S8	2.1005642496	0.9906696601	4.4539268178	6	1234567	524232
RA_GRP_EXP	2.2208967507	1.0329869672	4.774873773	6	1234567	524233
RA_GRP_S8	2.1005642496	0.9906696601	4.4539268178	6	1234567	524233
RA_GRP_EXP	2.2208967507	1.0329869672	4.774873773	6	1234567	524234
RA_GRP_S8	2.1005642496	0.9906696601	4.4539268178	6	1234567	524234
RA_GRP_EXP	2.2208967507	1.0329869672	4.774873773	6	1234567	524235
RA_GRP_S8	2.1005642496	0.9906696601	4.4539268178	6	1234567	524235
RA_GRP_EXP	2.2208967507	1.0329869672	4.774873773	6	1234567	524236
RA_GRP_S8	2.1005642496	0.9906696601	4.4539268178	6	1234567	524236
RA_GRP_EXP	2.2208967507	1.0329869672	4.774873773	6	1234567	524237
RA_GRP_S8	2.1005642496	0.9906696601	4.4539268178	6	1234567	524237
RA_GRP_EXP	2.2208967507	1.0329869672	4.774873773	6	1234567	524238
RA_GRP_S8	2.1005642496	0.9906696601	4.4539268178	6	1234567	524238
RA_GRP_EXP	2.2208967507	1.0329869672	4.774873773	6	1234567	524239
RA_GRP_S8	2.1005642496	0.9906696601	4.4539268178	6	1234567	524239
RA_GRP_EXP	2.359967861	1.0896352836	5.111295852	7	123	524230
RA_GRP_S8	2.4020625512	1.1252413452	5.1277039582	7	123	524230
RA_GRP_EXP	2.3560749026	1.0774696492	5.1519678078	7	123	524231
RA_GRP_S8	2.4625263686	1.1833558245	5.1244401644	7	123	524231
RA_GRP_EXP	2.462115674	1.1673001028	5.1931920317	7	123	524232
RA_GRP_S8	2.2960851445	1.0905844193	4.8341117821	7	123	524232
RA_GRP_EXP	1.8497911213	0.8700018148	3.9330115573	7	123	524233
RA_GRP_S8	1.7595433205	0.7543419306	4.1042298874	7	123	524233
RA_GRP_EXP	2.3405776028	1.0306195344	5.3155440316	7	123	524234
RA_GRP_S8	2.1906068669	0.9695240404	4.9496023259	7	123	524234
RA_GRP_EXP	2.266531215	1.0264621864	5.0047277109	7	123	524235
RA_GRP_S8	2.2718496314	1.0412436944	4.9568614681	7	123	524235
RA_GRP_EXP	2.1388121902	0.9897658004	4.6218181948	7	123	524236
RA_GRP_S8	2.118003503	0.9817899843	4.5691430047	7	123	524236
RA_GRP_EXP	2.4368300542	1.0462989539	5.6753767085	7	123	524237
RA_GRP_S8	2.2591837256	0.9952364715	5.1283401003	7	123	524237
RA_GRP_EXP	2.4154326873	1.1073153821	5.2688828867	7	123	524238
RA_GRP_S8	2.3074458001	1.0869373375	4.898448086	7	123	524238
RA_GRP_EXP	2.1473488491	1.0172522205	4.5329044134	7	123	524239
RA_GRP_S8	2.2662584984	1.0683851576	4.8071873192	7	123	524239
RA_GRP_EXP	3.3091494766	1.6244996225	6.740826595	7	1234	524230
RA_GRP_S8	2.2231263027	1.0276367958	4.8093748469	7	1234	524230
RA_GRP_EXP	3.38777943	1.6331116437	7.02771884	7	1234	524231
RA_GRP_S8	2.2348040448	1.0586497091	4.7176597466	7	1234	524231
RA_GRP_EXP	3.4107611697	1.676542003	6.9388609031	7	1234	524232
RA_GRP_S8	2.1850834241	1.0052841673	4.7494924575	7	1234	524232
RA_GRP_EXP	2.666208837	1.3003187899	5.4668667542	7	1234	524233
RA_GRP_S8	1.7395884631	0.7656302755	3.9525187519	7	1234	524233
RA_GRP_EXP	3.2550344708	1.4962223318	7.0813335565	7	1234	524234
RA_GRP_S8	2.031992614	0.878847363	4.6981923793	7	1234	524234
RA_GRP_EXP	2.479638366	1.1375030646	5.4053537239	7	1234	524235
RA_GRP_S8	2.1999951255	1.0327272672	4.6865989755	7	1234	524235
RA_GRP_EXP	2.2959472059	1.0774971998	4.8922387671	7	1234	524236
RA_GRP_S8	2.0845189545	0.978062504	4.4426805583	7	1234	524236
RA_GRP_EXP	2.5928100276	1.1412260821	5.8907379921	7	1234	524237
RA_GRP_S8	2.1438671547	0.9461086489	4.8579688837	7	1234	524237
RA_GRP_EXP	2.5511507203	1.1670977424	5.5765423588	7	1234	524238
RA_GRP_S8	2.1728634829	1.0218671007	4.6203030827	7	1234	524238
RA_GRP_EXP	2.1898823116	1.0185681056	4.7081628731	7	1234	524239
RA_GRP_S8	2.1005688138	0.9906711701	4.4539393846	7	1234	524239
RA_GRP_EXP	2.2208967507	1.0329869672	4.774873773	7	12345	524230
RA_GRP_S8	2.1005642496	0.9906696601	4.4539268178	7	12345	524230
RA_GRP_EXP	2.2208967507	1.0329869672	4.774873773	7	12345	524231
RA_GRP_S8	2.1005642496	0.9906696601	4.4539268178	7	12345	524231
RA_GRP_EXP	2.2208967507	1.0329869672	4.774873773	7	12345	524232
RA_GRP_S8	2.1005642496	0.9906696601	4.4539268178	7	12345	524232
RA_GRP_EXP	2.2208967507	1.0329869672	4.774873773	7	12345	524233
RA_GRP_S8	2.1005642496	0.9906696601	4.4539268178	7	12345	524233
RA_GRP_EXP	2.2208967507	1.0329869672	4.774873773	7	12345	524234
RA_GRP_S8	2.1005642496	0.9906696601	4.4539268178	7	12345	524234
RA_GRP_EXP	2.2208967507	1.0329869672	4.774873773	7	12345	524235
RA_GRP_S8	2.1005642496	0.9906696601	4.4539268178	7	12345	524235
RA_GRP_EXP	2.2208967507	1.0329869672	4.774873773	7	12345	524236
RA_GRP_S8	2.1005642496	0.9906696601	4.4539268178	7	12345	524236
RA_GRP_EXP	2.2208967507	1.0329869672	4.774873773	7	12345	524237
RA_GRP_S8	2.1005642496	0.9906696601	4.4539268178	7	12345	524237
RA_GRP_EXP	2.2208967507	1.0329869672	4.774873773	7	12345	524238
RA_GRP_S8	2.1005642496	0.9906696601	4.4539268178	7	12345	524238
RA_GRP_EXP	2.2208967507	1.0329869672	4.774873773	7	12345	524239
RA_GRP_S8	2.1005642496	0.9906696601	4.4539268178	7	12345	524239
RA_GRP_EXP	2.2208967507	1.0329869672	4.774873773	7	123456	524230
RA_GRP_S8	2.1005642496	0.9906696601	4.4539268178	7	123456	524230
RA_GRP_EXP	2.2208967507	1.0329869672	4.774873773	7	123456	524231
RA_GRP_S8	2.1005642496	0.9906696601	4.4539268178	7	123456	524231
RA_GRP_EXP	2.2208967507	1.0329869672	4.774873773	7	123456	524232
RA_GRP_S8	2.1005642496	0.9906696601	4.4539268178	7	123456	524232
RA_GRP_EXP	2.2208967507	1.0329869672	4.774873773	7	123456	524233
RA_GRP_S8	2.1005642496	0.9906696601	4.4539268178	7	123456	524233
RA_GRP_EXP	2.2208967507	1.0329869672	4.774873773	7	123456	524234
RA_GRP_S8	2.1005642496	0.9906696601	4.4539268178	7	123456	524234
RA_GRP_EXP	2.2208967507	1.0329869672	4.774873773	7	123456	524235
RA_GRP_S8	2.1005642496	0.9906696601	4.4539268178	7	123456	524235
RA_GRP_EXP	2.2208967507	1.0329869672	4.774873773	7	123456	524236
RA_GRP_S8	2.1005642496	0.9906696601	4.4539268178	7	123456	524236
RA_GRP_EXP	2.2208967507	1.0329869672	4.774873773	7	123456	524237
RA_GRP_S8	2.1005642496	0.9906696601	4.4539268178	7	123456	524237
RA_GRP_EXP	2.2208967507	1.0329869672	4.774873773	7	123456	524238
RA_GRP_S8	2.1005642496	0.9906696601	4.4539268178	7	123456	524238
RA_GRP_EXP	2.2208967507	1.0329869672	4.774873773	7	123456	524239
RA_GRP_S8	2.1005642496	0.9906696601	4.4539268178	7	123456	524239
RA_GRP_EXP	2.2208967507	1.0329869672	4.774873773	7	1234567	524230
RA_GRP_S8	2.1005642496	0.9906696601	4.4539268178	7	1234567	524230
RA_GRP_EXP	2.2208967507	1.0329869672	4.774873773	7	1234567	524231
RA_GRP_S8	2.1005642496	0.9906696601	4.4539268178	7	1234567	524231
RA_GRP_EXP	2.2208967507	1.0329869672	4.774873773	7	1234567	524232
RA_GRP_S8	2.1005642496	0.9906696601	4.4539268178	7	1234567	524232
RA_GRP_EXP	2.2208967507	1.0329869672	4.774873773	7	1234567	524233
RA_GRP_S8	2.1005642496	0.9906696601	4.4539268178	7	1234567	524233
RA_GRP_EXP	2.2208967507	1.0329869672	4.774873773	7	1234567	524234
RA_GRP_S8	2.1005642496	0.9906696601	4.4539268178	7	1234567	524234
RA_GRP_EXP	2.2208967507	1.0329869672	4.774873773	7	1234567	524235
RA_GRP_S8	2.1005642496	0.9906696601	4.4539268178	7	1234567	524235
RA_GRP_EXP	2.2208967507	1.0329869672	4.774873773	7	1234567	524236
RA_GRP_S8	2.1005642496	0.9906696601	4.4539268178	7	1234567	524236
RA_GRP_EXP	2.2208967507	1.0329869672	4.774873773	7	1234567	524237
RA_GRP_S8	2.1005642496	0.9906696601	4.4539268178	7	1234567	524237
RA_GRP_EXP	2.2208967507	1.0329869672	4.774873773	7	1234567	524238
RA_GRP_S8	2.1005642496	0.9906696601	4.4539268178	7	1234567	524238
RA_GRP_EXP	2.2208967507	1.0329869672	4.774873773	7	1234567	524239
RA_GRP_S8	2.1005642496	0.9906696601	4.4539268178	7	1234567	524239
RA_GRP_EXP	3.0274070995	1.450714286	6.317711099	8	123	524230
RA_GRP_S8	2.39878304	1.1060815617	5.2022927355	8	123	524230
RA_GRP_EXP	3.0813370049	1.4375378317	6.60479156	8	123	524231
RA_GRP_S8	2.4225547164	1.1281052284	5.2023261716	8	123	524231
RA_GRP_EXP	3.1586510539	1.5172121144	6.5759272453	8	123	524232
RA_GRP_S8	2.3508415619	1.0791246798	5.1212396053	8	123	524232
RA_GRP_EXP	2.4822580344	1.1832088609	5.2075378681	8	123	524233
RA_GRP_S8	1.8914585284	0.8358332223	4.2802981137	8	123	524233
RA_GRP_EXP	3.0223432251	1.3605580357	6.7138323619	8	123	524234
RA_GRP_S8	2.2195204972	0.9450547577	5.2126833896	8	123	524234
RA_GRP_EXP	2.1547912294	0.9645463657	4.8137916513	8	123	524235
RA_GRP_S8	2.3628609478	1.0823883931	5.1581409171	8	123	524235
RA_GRP_EXP	2.001533609	0.9221863385	4.3441727782	8	123	524236
RA_GRP_S8	2.2328978251	1.044829371	4.7719109319	8	123	524236
RA_GRP_EXP	2.3177329355	0.9877078822	5.4387395879	8	123	524237
RA_GRP_S8	2.3092395869	1.0115020852	5.2719490628	8	123	524237
RA_GRP_EXP	2.2243482806	0.989536217	5.0000446556	8	123	524238
RA_GRP_S8	2.378869199	1.1071805036	5.1111979009	8	123	524238
RA_GRP_EXP	1.9997371037	0.9053753934	4.4168954813	8	123	524239
RA_GRP_S8	2.2600171442	1.073535715	4.7578086325	8	123	524239
RA_GRP_EXP	3.3170159699	1.6277729414	6.759293428	8	1234	524230
RA_GRP_S8	2.2231185153	1.0276335576	4.8093563083	8	1234	524230
RA_GRP_EXP	3.3958324129	1.6439071894	7.0147985547	8	1234	524231
RA_GRP_S8	2.2348431658	1.0586261898	4.7179297318	8	1234	524231
RA_GRP_EXP	3.4507003908	1.6890839096	7.0495806155	8	1234	524232
RA_GRP_S8	2.185123934	1.0052789778	4.7496930825	8	1234	524232
RA_GRP_EXP	2.6928615357	1.3052119785	5.5558050106	8	1234	524233
RA_GRP_S8	1.7395791994	0.7656312775	3.9524714832	8	1234	524233
RA_GRP_EXP	3.2548993523	1.478002829	7.1680307952	8	1234	524234
RA_GRP_S8	2.031987294	0.8788455203	4.6981776293	8	1234	524234
RA_GRP_EXP	2.4809013369	1.1442637741	5.3788921603	8	1234	524235
RA_GRP_S8	2.1999968245	1.0327284223	4.6866009719	8	1234	524235
RA_GRP_EXP	2.3253964894	1.1017085772	4.9082569972	8	1234	524236
RA_GRP_S8	2.0845181236	0.9780592327	4.442691876	8	1234	524236
RA_GRP_EXP	2.5797908068	1.1468526386	5.8031174911	8	1234	524237
RA_GRP_S8	2.1438294326	0.9461071836	4.8578054534	8	1234	524237
RA_GRP_EXP	2.6015585971	1.1960763783	5.6585910873	8	1234	524238
RA_GRP_S8	2.1728366807	1.0218691977	4.6201796192	8	1234	524238
RA_GRP_EXP	2.2208967507	1.0329869672	4.774873773	8	1234	524239
RA_GRP_S8	2.1005642496	0.9906696601	4.4539268178	8	1234	524239
RA_GRP_EXP	2.2208967507	1.0329869672	4.774873773	8	12345	524230
RA_GRP_S8	2.1005642496	0.9906696601	4.4539268178	8	12345	524230
RA_GRP_EXP	2.2208967507	1.0329869672	4.774873773	8	12345	524231
RA_GRP_S8	2.1005642496	0.9906696601	4.4539268178	8	12345	524231
RA_GRP_EXP	2.2208967507	1.0329869672	4.774873773	8	12345	524232
RA_GRP_S8	2.1005642496	0.9906696601	4.4539268178	8	12345	524232
RA_GRP_EXP	2.2208967507	1.0329869672	4.774873773	8	12345	524233
RA_GRP_S8	2.1005642496	0.9906696601	4.4539268178	8	12345	524233
RA_GRP_EXP	2.2208967507	1.0329869672	4.774873773	8	12345	524234
RA_GRP_S8	2.1005642496	0.9906696601	4.4539268178	8	12345	524234
RA_GRP_EXP	2.2208967507	1.0329869672	4.774873773	8	12345	524235
RA_GRP_S8	2.1005642496	0.9906696601	4.4539268178	8	12345	524235
RA_GRP_EXP	2.2208967507	1.0329869672	4.774873773	8	12345	524236
RA_GRP_S8	2.1005642496	0.9906696601	4.4539268178	8	12345	524236
RA_GRP_EXP	2.2208967507	1.0329869672	4.774873773	8	12345	524237
RA_GRP_S8	2.1005642496	0.9906696601	4.4539268178	8	12345	524237
RA_GRP_EXP	2.2208967507	1.0329869672	4.774873773	8	12345	524238
RA_GRP_S8	2.1005642496	0.9906696601	4.4539268178	8	12345	524238
RA_GRP_EXP	2.2208967507	1.0329869672	4.774873773	8	12345	524239
RA_GRP_S8	2.1005642496	0.9906696601	4.4539268178	8	12345	524239
RA_GRP_EXP	2.2208967507	1.0329869672	4.774873773	8	123456	524230
RA_GRP_S8	2.1005642496	0.9906696601	4.4539268178	8	123456	524230
RA_GRP_EXP	2.2208967507	1.0329869672	4.774873773	8	123456	524231
RA_GRP_S8	2.1005642496	0.9906696601	4.4539268178	8	123456	524231
RA_GRP_EXP	2.2208967507	1.0329869672	4.774873773	8	123456	524232
RA_GRP_S8	2.1005642496	0.9906696601	4.4539268178	8	123456	524232
RA_GRP_EXP	2.2208967507	1.0329869672	4.774873773	8	123456	524233
RA_GRP_S8	2.1005642496	0.9906696601	4.4539268178	8	123456	524233
RA_GRP_EXP	2.2208967507	1.0329869672	4.774873773	8	123456	524234
RA_GRP_S8	2.1005642496	0.9906696601	4.4539268178	8	123456	524234
RA_GRP_EXP	2.2208967507	1.0329869672	4.774873773	8	123456	524235
RA_GRP_S8	2.1005642496	0.9906696601	4.4539268178	8	123456	524235
RA_GRP_EXP	2.2208967507	1.0329869672	4.774873773	8	123456	524236
RA_GRP_S8	2.1005642496	0.9906696601	4.4539268178	8	123456	524236
RA_GRP_EXP	2.2208967507	1.0329869672	4.774873773	8	123456	524237
RA_GRP_S8	2.1005642496	0.9906696601	4.4539268178	8	123456	524237
RA_GRP_EXP	2.2208967507	1.0329869672	4.774873773	8	123456	524238
RA_GRP_S8	2.1005642496	0.9906696601	4.4539268178	8	123456	524238
RA_GRP_EXP	2.2208967507	1.0329869672	4.774873773	8	123456	524239
RA_GRP_S8	2.1005642496	0.9906696601	4.4539268178	8	123456	524239
RA_GRP_EXP	2.2208967507	1.0329869672	4.774873773	8	1234567	524230
RA_GRP_S8	2.1005642496	0.9906696601	4.4539268178	8	1234567	524230
RA_GRP_EXP	2.2208967507	1.0329869672	4.774873773	8	1234567	524231
RA_GRP_S8	2.1005642496	0.9906696601	4.4539268178	8	1234567	524231
RA_GRP_EXP	2.2208967507	1.0329869672	4.774873773	8	1234567	524232
RA_GRP_S8	2.1005642496	0.9906696601	4.4539268178	8	1234567	524232
RA_GRP_EXP	2.2208967507	1.0329869672	4.774873773	8	1234567	524233
RA_GRP_S8	2.1005642496	0.9906696601	4.4539268178	8	1234567	524233
RA_GRP_EXP	2.2208967507	1.0329869672	4.774873773	8	1234567	524234
RA_GRP_S8	2.1005642496	0.9906696601	4.4539268178	8	1234567	524234
RA_GRP_EXP	2.2208967507	1.0329869672	4.774873773	8	1234567	524235
RA_GRP_S8	2.1005642496	0.9906696601	4.4539268178	8	1234567	524235
RA_GRP_EXP	2.2208967507	1.0329869672	4.774873773	8	1234567	524236
RA_GRP_S8	2.1005642496	0.9906696601	4.4539268178	8	1234567	524236
RA_GRP_EXP	2.2208967507	1.0329869672	4.774873773	8	1234567	524237
RA_GRP_S8	2.1005642496	0.9906696601	4.4539268178	8	1234567	524237
RA_GRP_EXP	2.2208967507	1.0329869672	4.774873773	8	1234567	524238
RA_GRP_S8	2.1005642496	0.9906696601	4.4539268178	8	1234567	524238
RA_GRP_EXP	2.2208967507	1.0329869672	4.774873773	8	1234567	524239
RA_GRP_S8	2.1005642496	0.9906696601	4.4539268178	8	1234567	524239
RA_GRP_EXP	2.1100034444	0.9575423808	4.6495221775	9	123	524230
RA_GRP_S8	2.3873045045	1.1079427845	5.1439685125	9	123	524230
RA_GRP_EXP	2.1612221306	0.961770006	4.8565468549	9	123	524231
RA_GRP_S8	2.465276057	1.1519592528	5.2758689361	9	123	524231
RA_GRP_EXP	2.2000853552	1.0186840791	4.751596368	9	123	524232
RA_GRP_S8	2.3086761637	1.0841810424	4.9161398516	9	123	524232
RA_GRP_EXP	1.7125947406	0.7952668835	3.68804587	9	123	524233
RA_GRP_S8	1.8272701593	0.7870006086	4.2425840572	9	123	524233
RA_GRP_EXP	2.028286778	0.8655064313	4.7532255162	9	123	524234
RA_GRP_S8	2.1902407687	0.9396029434	5.1055125559	9	123	524234
RA_GRP_EXP	2.0302731747	0.9264338391	4.4493292341	9	123	524235
RA_GRP_S8	2.3278078195	1.0754642813	5.0384650973	9	123	524235
RA_GRP_EXP	1.9925819247	0.9234421075	4.2995469822	9	123	524236
RA_GRP_S8	2.1973230024	1.0357413202	4.6616160645	9	123	524236
RA_GRP_EXP	2.1106636551	0.919281124	4.8460704227	9	123	524237
RA_GRP_S8	2.2752545861	1.004073489	5.1557814126	9	123	524237
RA_GRP_EXP	2.1762193709	0.9891532803	4.7878633619	9	123	524238
RA_GRP_S8	2.3054324242	1.082894779	4.9081579904	9	123	524238
RA_GRP_EXP	1.9400671624	0.9061865483	4.1535162948	9	123	524239
RA_GRP_S8	2.2831121392	1.0836694218	4.8101394537	9	123	524239
RA_GRP_EXP	2.2208967507	1.0329869672	4.774873773	9	1234	524230
RA_GRP_S8	2.1005642496	0.9906696601	4.4539268178	9	1234	524230
RA_GRP_EXP	2.2208967507	1.0329869672	4.774873773	9	1234	524231
RA_GRP_S8	2.1005642496	0.9906696601	4.4539268178	9	1234	524231
RA_GRP_EXP	2.2208967507	1.0329869672	4.774873773	9	1234	524232
RA_GRP_S8	2.1005642496	0.9906696601	4.4539268178	9	1234	524232
RA_GRP_EXP	2.2208967507	1.0329869672	4.774873773	9	1234	524233
RA_GRP_S8	2.1005642496	0.9906696601	4.4539268178	9	1234	524233
RA_GRP_EXP	2.2208967507	1.0329869672	4.774873773	9	1234	524234
RA_GRP_S8	2.1005642496	0.9906696601	4.4539268178	9	1234	524234
RA_GRP_EXP	2.2208967507	1.0329869672	4.774873773	9	1234	524235
RA_GRP_S8	2.1005642496	0.9906696601	4.4539268178	9	1234	524235
RA_GRP_EXP	2.2208967507	1.0329869672	4.774873773	9	1234	524236
RA_GRP_S8	2.1005642496	0.9906696601	4.4539268178	9	1234	524236
RA_GRP_EXP	2.2208967507	1.0329869672	4.774873773	9	1234	524237
RA_GRP_S8	2.1005642496	0.9906696601	4.4539268178	9	1234	524237
RA_GRP_EXP	2.2208967507	1.0329869672	4.774873773	9	1234	524238
RA_GRP_S8	2.1005642496	0.9906696601	4.4539268178	9	1234	524238
RA_GRP_EXP	2.2208967507	1.0329869672	4.774873773	9	1234	524239
RA_GRP_S8	2.1005642496	0.9906696601	4.4539268178	9	1234	524239
RA_GRP_EXP	2.2208967507	1.0329869672	4.774873773	9	12345	524230
RA_GRP_S8	2.1005642496	0.9906696601	4.4539268178	9	12345	524230
RA_GRP_EXP	2.2208967507	1.0329869672	4.774873773	9	12345	524231
RA_GRP_S8	2.1005642496	0.9906696601	4.4539268178	9	12345	524231
RA_GRP_EXP	2.2208967507	1.0329869672	4.774873773	9	12345	524232
RA_GRP_S8	2.1005642496	0.9906696601	4.4539268178	9	12345	524232
RA_GRP_EXP	2.2208967507	1.0329869672	4.774873773	9	12345	524233
RA_GRP_S8	2.1005642496	0.9906696601	4.4539268178	9	12345	524233
RA_GRP_EXP	2.2208967507	1.0329869672	4.774873773	9	12345	524234
RA_GRP_S8	2.1005642496	0.9906696601	4.4539268178	9	12345	524234
RA_GRP_EXP	2.2208967507	1.0329869672	4.774873773	9	12345	524235
RA_GRP_S8	2.1005642496	0.9906696601	4.4539268178	9	12345	524235
RA_GRP_EXP	2.2208967507	1.0329869672	4.774873773	9	12345	524236
RA_GRP_S8	2.1005642496	0.9906696601	4.4539268178	9	12345	524236
RA_GRP_EXP	2.2208967507	1.0329869672	4.774873773	9	12345	524237
RA_GRP_S8	2.1005642496	0.9906696601	4.4539268178	9	12345	524237
RA_GRP_EXP	2.2208967507	1.0329869672	4.774873773	9	12345	524238
RA_GRP_S8	2.1005642496	0.9906696601	4.4539268178	9	12345	524238
RA_GRP_EXP	2.2208967507	1.0329869672	4.774873773	9	12345	524239
RA_GRP_S8	2.1005642496	0.9906696601	4.4539268178	9	12345	524239
RA_GRP_EXP	2.2208967507	1.0329869672	4.774873773	9	123456	524230
RA_GRP_S8	2.1005642496	0.9906696601	4.4539268178	9	123456	524230
RA_GRP_EXP	2.2208967507	1.0329869672	4.774873773	9	123456	524231
RA_GRP_S8	2.1005642496	0.9906696601	4.4539268178	9	123456	524231
RA_GRP_EXP	2.2208967507	1.0329869672	4.774873773	9	123456	524232
RA_GRP_S8	2.1005642496	0.9906696601	4.4539268178	9	123456	524232
RA_GRP_EXP	2.2208967507	1.0329869672	4.774873773	9	123456	524233
RA_GRP_S8	2.1005642496	0.9906696601	4.4539268178	9	123456	524233
RA_GRP_EXP	2.2208967507	1.0329869672	4.774873773	9	123456	524234
RA_GRP_S8	2.1005642496	0.9906696601	4.4539268178	9	123456	524234
RA_GRP_EXP	2.2208967507	1.0329869672	4.774873773	9	123456	524235
RA_GRP_S8	2.1005642496	0.9906696601	4.4539268178	9	123456	524235
RA_GRP_EXP	2.2208967507	1.0329869672	4.774873773	9	123456	524236
RA_GRP_S8	2.1005642496	0.9906696601	4.4539268178	9	123456	524236
RA_GRP_EXP	2.2208967507	1.0329869672	4.774873773	9	123456	524237
RA_GRP_S8	2.1005642496	0.9906696601	4.4539268178	9	123456	524237
RA_GRP_EXP	2.2208967507	1.0329869672	4.774873773	9	123456	524238
RA_GRP_S8	2.1005642496	0.9906696601	4.4539268178	9	123456	524238
RA_GRP_EXP	2.2208967507	1.0329869672	4.774873773	9	123456	524239
RA_GRP_S8	2.1005642496	0.9906696601	4.4539268178	9	123456	524239
RA_GRP_EXP	2.2208967507	1.0329869672	4.774873773	9	1234567	524230
RA_GRP_S8	2.1005642496	0.9906696601	4.4539268178	9	1234567	524230
RA_GRP_EXP	2.2208967507	1.0329869672	4.774873773	9	1234567	524231
RA_GRP_S8	2.1005642496	0.9906696601	4.4539268178	9	1234567	524231
RA_GRP_EXP	2.2208967507	1.0329869672	4.774873773	9	1234567	524232
RA_GRP_S8	2.1005642496	0.9906696601	4.4539268178	9	1234567	524232
RA_GRP_EXP	2.2208967507	1.0329869672	4.774873773	9	1234567	524233
RA_GRP_S8	2.1005642496	0.9906696601	4.4539268178	9	1234567	524233
RA_GRP_EXP	2.2208967507	1.0329869672	4.774873773	9	1234567	524234
RA_GRP_S8	2.1005642496	0.9906696601	4.4539268178	9	1234567	524234
RA_GRP_EXP	2.2208967507	1.0329869672	4.774873773	9	1234567	524235
RA_GRP_S8	2.1005642496	0.9906696601	4.4539268178	9	1234567	524235
RA_GRP_EXP	2.2208967507	1.0329869672	4.774873773	9	1234567	524236
RA_GRP_S8	2.1005642496	0.9906696601	4.4539268178	9	1234567	524236
RA_GRP_EXP	2.2208967507	1.0329869672	4.774873773	9	1234567	524237
RA_GRP_S8	2.1005642496	0.9906696601	4.4539268178	9	1234567	524237
RA_GRP_EXP	2.2208967507	1.0329869672	4.774873773	9	1234567	524238
RA_GRP_S8	2.1005642496	0.9906696601	4.4539268178	9	1234567	524238
RA_GRP_EXP	2.2208967507	1.0329869672	4.774873773	9	1234567	524239
RA_GRP_S8	2.1005642496	0.9906696601	4.4539268178	9	1234567	524239
RA_GRP_EXP	2.2208967507	1.0329869672	4.774873773	A	123	524230
RA_GRP_S8	2.1005642496	0.9906696601	4.4539268178	A	123	524230
RA_GRP_EXP	2.2208967507	1.0329869672	4.774873773	A	123	524231
RA_GRP_S8	2.1005642496	0.9906696601	4.4539268178	A	123	524231
RA_GRP_EXP	2.2208967507	1.0329869672	4.774873773	A	123	524232
RA_GRP_S8	2.1005642496	0.9906696601	4.4539268178	A	123	524232
RA_GRP_EXP	2.2208967507	1.0329869672	4.774873773	A	123	524233
RA_GRP_S8	2.1005642496	0.9906696601	4.4539268178	A	123	524233
RA_GRP_EXP	2.2208967507	1.0329869672	4.774873773	A	123	524234
RA_GRP_S8	2.1005642496	0.9906696601	4.4539268178	A	123	524234
RA_GRP_EXP	2.2208967507	1.0329869672	4.774873773	A	123	524235
RA_GRP_S8	2.1005642496	0.9906696601	4.4539268178	A	123	524235
RA_GRP_EXP	2.2208967507	1.0329869672	4.774873773	A	123	524236
RA_GRP_S8	2.1005642496	0.9906696601	4.4539268178	A	123	524236
RA_GRP_EXP	2.2208967507	1.0329869672	4.774873773	A	123	524237
RA_GRP_S8	2.1005642496	0.9906696601	4.4539268178	A	123	524237
RA_GRP_EXP	2.2208967507	1.0329869672	4.774873773	A	123	524238
RA_GRP_S8	2.1005642496	0.9906696601	4.4539268178	A	123	524238
RA_GRP_EXP	2.2208967507	1.0329869672	4.774873773	A	123	524239
RA_GRP_S8	2.1005642496	0.9906696601	4.4539268178	A	123	524239
RA_GRP_EXP	2.2208967507	1.0329869672	4.774873773	A	1234	524230
RA_GRP_S8	2.1005642496	0.9906696601	4.4539268178	A	1234	524230
RA_GRP_EXP	2.2208967507	1.0329869672	4.774873773	A	1234	524231
RA_GRP_S8	2.1005642496	0.9906696601	4.4539268178	A	1234	524231
RA_GRP_EXP	2.2208967507	1.0329869672	4.774873773	A	1234	524232
RA_GRP_S8	2.1005642496	0.9906696601	4.4539268178	A	1234	524232
RA_GRP_EXP	2.2208967507	1.0329869672	4.774873773	A	1234	524233
RA_GRP_S8	2.1005642496	0.9906696601	4.4539268178	A	1234	524233
RA_GRP_EXP	2.2208967507	1.0329869672	4.774873773	A	1234	524234
RA_GRP_S8	2.1005642496	0.9906696601	4.4539268178	A	1234	524234
RA_GRP_EXP	2.2208967507	1.0329869672	4.774873773	A	1234	524235
RA_GRP_S8	2.1005642496	0.9906696601	4.4539268178	A	1234	524235
RA_GRP_EXP	2.2208967507	1.0329869672	4.774873773	A	1234	524236
RA_GRP_S8	2.1005642496	0.9906696601	4.4539268178	A	1234	524236
RA_GRP_EXP	2.2208967507	1.0329869672	4.774873773	A	1234	524237
RA_GRP_S8	2.1005642496	0.9906696601	4.4539268178	A	1234	524237
RA_GRP_EXP	2.2208967507	1.0329869672	4.774873773	A	1234	524238
RA_GRP_S8	2.1005642496	0.9906696601	4.4539268178	A	1234	524238
RA_GRP_EXP	2.2208967507	1.0329869672	4.774873773	A	1234	524239
RA_GRP_S8	2.1005642496	0.9906696601	4.4539268178	A	1234	524239
RA_GRP_EXP	2.2208967507	1.0329869672	4.774873773	A	12345	524230
RA_GRP_S8	2.1005642496	0.9906696601	4.4539268178	A	12345	524230
RA_GRP_EXP	2.2208967507	1.0329869672	4.774873773	A	12345	524231
RA_GRP_S8	2.1005642496	0.9906696601	4.4539268178	A	12345	524231
RA_GRP_EXP	2.2208967507	1.0329869672	4.774873773	A	12345	524232
RA_GRP_S8	2.1005642496	0.9906696601	4.4539268178	A	12345	524232
RA_GRP_EXP	2.2208967507	1.0329869672	4.774873773	A	12345	524233
RA_GRP_S8	2.1005642496	0.9906696601	4.4539268178	A	12345	524233
RA_GRP_EXP	2.2208967507	1.0329869672	4.774873773	A	12345	524234
RA_GRP_S8	2.1005642496	0.9906696601	4.4539268178	A	12345	524234
RA_GRP_EXP	2.2208967507	1.0329869672	4.774873773	A	12345	524235
RA_GRP_S8	2.1005642496	0.9906696601	4.4539268178	A	12345	524235
RA_GRP_EXP	2.2208967507	1.0329869672	4.774873773	A	12345	524236
RA_GRP_S8	2.1005642496	0.9906696601	4.4539268178	A	12345	524236
RA_GRP_EXP	2.2208967507	1.0329869672	4.774873773	A	12345	524237
RA_GRP_S8	2.1005642496	0.9906696601	4.4539268178	A	12345	524237
RA_GRP_EXP	2.2208967507	1.0329869672	4.774873773	A	12345	524238
RA_GRP_S8	2.1005642496	0.9906696601	4.4539268178	A	12345	524238
RA_GRP_EXP	2.2208967507	1.0329869672	4.774873773	A	12345	524239
RA_GRP_S8	2.1005642496	0.9906696601	4.4539268178	A	12345	524239
RA_GRP_EXP	2.2208967507	1.0329869672	4.774873773	A	123456	524230
RA_GRP_S8	2.1005642496	0.9906696601	4.4539268178	A	123456	524230
RA_GRP_EXP	2.2208967507	1.0329869672	4.774873773	A	123456	524231
RA_GRP_S8	2.1005642496	0.9906696601	4.4539268178	A	123456	524231
RA_GRP_EXP	2.2208967507	1.0329869672	4.774873773	A	123456	524232
RA_GRP_S8	2.1005642496	0.9906696601	4.4539268178	A	123456	524232
RA_GRP_EXP	2.2208967507	1.0329869672	4.774873773	A	123456	524233
RA_GRP_S8	2.1005642496	0.9906696601	4.4539268178	A	123456	524233
RA_GRP_EXP	2.2208967507	1.0329869672	4.774873773	A	123456	524234
RA_GRP_S8	2.1005642496	0.9906696601	4.4539268178	A	123456	524234
RA_GRP_EXP	2.2208967507	1.0329869672	4.774873773	A	123456	524235
RA_GRP_S8	2.1005642496	0.9906696601	4.4539268178	A	123456	524235
RA_GRP_EXP	2.2208967507	1.0329869672	4.774873773	A	123456	524236
RA_GRP_S8	2.1005642496	0.9906696601	4.4539268178	A	123456	524236
RA_GRP_EXP	2.2208967507	1.0329869672	4.774873773	A	123456	524237
RA_GRP_S8	2.1005642496	0.9906696601	4.4539268178	A	123456	524237
RA_GRP_EXP	2.2208967507	1.0329869672	4.774873773	A	123456	524238
RA_GRP_S8	2.1005642496	0.9906696601	4.4539268178	A	123456	524238
RA_GRP_EXP	2.2208967507	1.0329869672	4.774873773	A	123456	524239
RA_GRP_S8	2.1005642496	0.9906696601	4.4539268178	A	123456	524239
RA_GRP_EXP	2.2208967507	1.0329869672	4.774873773	A	1234567	524230
RA_GRP_S8	2.1005642496	0.9906696601	4.4539268178	A	1234567	524230
RA_GRP_EXP	2.2208967507	1.0329869672	4.774873773	A	1234567	524231
RA_GRP_S8	2.1005642496	0.9906696601	4.4539268178	A	1234567	524231
RA_GRP_EXP	2.2208967507	1.0329869672	4.774873773	A	1234567	524232
RA_GRP_S8	2.1005642496	0.9906696601	4.4539268178	A	1234567	524232
RA_GRP_EXP	2.2208967507	1.0329869672	4.774873773	A	1234567	524233
RA_GRP_S8	2.1005642496	0.9906696601	4.4539268178	A	1234567	524233
RA_GRP_EXP	2.2208967507	1.0329869672	4.774873773	A	1234567	524234
RA_GRP_S8	2.1005642496	0.9906696601	4.4539268178	A	1234567	524234
RA_GRP_EXP	2.2208967507	1.0329869672	4.774873773	A	1234567	524235
RA_GRP_S8	2.1005642496	0.9906696601	4.4539268178	A	1234567	524235
RA_GRP_EXP	2.2208967507	1.0329869672	4.774873773	A	1234567	524236
RA_GRP_S8	2.1005642496	0.9906696601	4.4539268178	A	1234567	524236
RA_GRP_EXP	2.2208967507	1.0329869672	4.774873773	A	1234567	524237
RA_GRP_S8	2.1005642496	0.9906696601	4.4539268178	A	1234567	524237
RA_GRP_EXP	2.2208967507	1.0329869672	4.774873773	A	1234567	524238
RA_GRP_S8	2.1005642496	0.9906696601	4.4539268178	A	1234567	524238
RA_GRP_EXP	2.2208967507	1.0329869672	4.774873773	A	1234567	524239
RA_GRP_S8	2.1005642496	0.9906696601	4.4539268178	A	1234567	524239
